{
    "vertices": [
        [
            25.083814545148986,
            44.59029878433817
        ],
        [
            86.97581023955999,
            61.20925252224006
        ],
        [
            32.38643612438542,
            81.28910651847522
        ],
        [
            89.7869135852342,
            34.46013146184646
        ],
        [
            28.440512991550083,
            29.696438178383865
        ],
        [
            82.55432548770224,
            71.68957967260035
        ],
        [
            79.32654285555995,
            10.628855586647855
        ],
        [
            45.133487729092714,
            18.841295620126953
        ],
        [
            61.499412239547425,
            97.32600257906
        ],
        [
            95.21707289128953,
            90.34790734219298
        ],
        [
            86.75069755224347,
            25.19822514996313
        ],
        [
            61.886101121361015,
            5.635475044820715
        ],
        [
            20.39729988379735,
            80.0068953666478
        ],
        [
            95.90004692376041,
            58.46997047181378
        ],
        [
            22.106115439219664,
            16.70968282900417
        ],
        [
            38.77926512297717,
            64.42521035162339
        ],
        [
            44.69080467117745,
            38.847831922288
        ],
        [
            78.6772988368874,
            83.34622833567538
        ],
        [
            71.66452452164044,
            77.69524738669928
        ],
        [
            23.59918093384995,
            72.50176966514242
        ],
        [
            25.083814545148986,
            44.59029878433817
        ]
    ],
    "distances": [
        [
            0.0,
            64.08438775848228,
            37.41832132841728,
            65.49130717410331,
            15.26743292795711,
            63.53920563446687,
            63.99729055692128,
            32.634346304675866,
            64.08705181364576,
            83.740269089491,
            64.64407923121577,
            53.589985909818154,
            35.72532341554279,
            72.16359230563295,
            28.03917684266564,
            24.103715137126883,
            20.43061397667535,
            66.13836733634287,
            57.14630490135808,
            27.95092742092438,
            0.0
        ],
        [
            64.08438775848228,
            0.0,
            58.16528434381296,
            26.89642689138565,
            66.47885747952671,
            11.374831189494179,
            51.155526052167545,
            59.546819605494214,
            44.198037170465476,
            30.28167126846136,
            36.01173097934712,
            60.97489849721406,
            69.18127938755042,
            9.335184333874514,
            78.6656787066155,
            48.303719793978345,
            47.83361607871709,
            23.64129839211263,
            22.4994110368859,
            64.37482493627559,
            64.08438775848228
        ],
        [
            37.41832132841728,
            58.16528434381296,
            0.0,
            74.07946893429899,
            51.74334484569885,
            51.07805829154697,
            84.83068243084494,
            63.73551922287081,
            33.23774080078237,
            63.48031812222141,
            78.11312241418206,
            81.20161445491904,
            12.057506095094991,
            67.48845624764674,
            65.39256041365915,
            18.03494542635479,
            44.18890442955394,
            46.33654843466987,
            39.44216083839258,
            12.42711321094056,
            37.41832132841728
        ],
        [
            65.49130717410331,
            26.89642689138565,
            74.07946893429899,
            0.0,
            61.53107864729558,
            37.925481469135846,
            26.025930639307575,
            47.30619910477386,
            68.93693120315362,
            56.15095834392305,
            9.746872130539842,
            40.11628289988748,
            83.00256738098133,
            24.775850510106594,
            69.96977107543469,
            59.15814529310184,
            45.30906040207662,
            50.1325643410954,
            46.87959294200115,
            76.34122209345082,
            65.49130717410331
        ],
        [
            15.26743292795711,
            66.47885747952671,
            51.74334484569885,
            61.53107864729558,
            0.0,
            68.49619431342154,
            54.34115145277636,
            19.912044735494064,
            75.27714660183688,
            90.2092548676242,
            58.48342965277583,
            41.201180957147756,
            50.94934130672215,
            73.33965420556666,
            14.449235511113097,
            36.235030182074695,
            18.64993263068085,
            73.49853492411735,
            64.59257587501561,
            43.078241605063205,
            15.26743292795711
        ],
        [
            63.53920563446687,
            11.374831189494179,
            51.07805829154697,
            37.925481469135846,
            68.49619431342154,
            0.0,
            61.145977844999564,
            64.75538762023659,
            33.17432066111038,
            22.54946481034401,
            46.68035543838116,
            69.21213937334316,
            62.711032301174384,
            18.784737104106178,
            81.71153624181807,
            44.373719379457874,
            50.122116913779216,
            12.284494035388576,
            12.436068903500447,
            58.960738817874436,
            63.53920563446687
        ],
        [
            63.99729055692128,
            51.155526052167545,
            84.83068243084494,
            26.025930639307575,
            54.34115145277636,
            61.145977844999564,
            0.0,
            35.16545449990825,
            88.51102689848473,
            81.28736776166213,
            16.351899046677893,
            18.141192273924165,
            91.02729305510675,
            50.630557083191384,
            57.542625710511764,
            67.36564048179389,
            44.67600010082047,
            72.72027102065003,
            67.50264760753701,
            83.26942033734848,
            63.99729055692128
        ],
        [
            32.634346304675866,
            59.546819605494214,
            63.73551922287081,
            47.30619910477386,
            19.912044735494064,
            64.75538762023659,
            35.16545449990825,
            0.0,
            80.17289262282792,
            87.3015522351655,
            42.099913378906834,
            21.331754558357098,
            65.97809925626328,
            64.40244873424002,
            23.12582209712103,
            46.02466107617097,
            20.011433309472192,
            72.70538912813024,
            64.55759871486502,
            57.82017678879421,
            32.634346304675866
        ],
        [
            64.08705181364576,
            44.198037170465476,
            33.23774080078237,
            68.93693120315362,
            75.27714660183688,
            33.17432066111038,
            88.51102689848473,
            80.17289262282792,
            0.0,
            34.43217177235302,
            76.42017853161897,
            91.6913429272274,
            44.60196312652316,
            51.89600078807641,
            89.7263776313407,
            39.98333670657752,
            60.84591795469943,
            22.14754785178424,
            22.10647093341576,
            45.30640211702757,
            64.08705181364576
        ],
        [
            83.740269089491,
            30.28167126846136,
            63.48031812222141,
            56.15095834392305,
            90.2092548676242,
            22.54946481034401,
            81.28736776166213,
            87.3015522351655,
            34.43217177235302,
            0.0,
            65.69749311145866,
            91.0337841950155,
            75.53101986317294,
            31.88525227500813,
            103.76801149204496,
            62.10645992936536,
            72.14680553223829,
            17.960724781616783,
            26.73597461574973,
            73.8079066117969,
            83.740269089491
        ],
        [
            64.64407923121577,
            36.01173097934712,
            78.11312241418206,
            9.746872130539842,
            58.48342965277583,
            46.68035543838116,
            16.351899046677893,
            42.099913378906834,
            76.42017853161897,
            65.69749311145866,
            0.0,
            31.637783540363596,
            86.06255697496007,
            34.506805570556196,
            65.19951953275567,
            61.967852127751975,
            44.21929843638233,
            58.705792229580844,
            54.62169862274208,
            78.9033546492339,
            64.64407923121577
        ],
        [
            53.589985909818154,
            60.97489849721406,
            81.20161445491904,
            40.11628289988748,
            41.201180957147756,
            69.21213937334316,
            18.141192273924165,
            21.331754558357098,
            91.6913429272274,
            91.0337841950155,
            31.637783540363596,
            0.0,
            85.16119297435857,
            62.83655318422164,
            41.29267899905067,
            63.16770414776944,
            37.3997175038254,
            79.50412252049561,
            72.72020595514358,
            77.05186314227909,
            53.589985909818154
        ],
        [
            35.72532341554279,
            69.18127938755042,
            12.057506095094991,
            83.00256738098133,
            50.94934130672215,
            62.711032301174384,
            91.02729305510675,
            65.97809925626328,
            44.60196312652316,
            75.53101986317294,
            86.06255697496007,
            85.16119297435857,
            0.0,
            78.51435502190904,
            63.320274522763114,
            24.097417993674163,
            47.793753550765345,
            58.37558927026101,
            51.31931447759475,
            8.159592762759827,
            35.72532341554279
        ],
        [
            72.16359230563295,
            9.335184333874514,
            67.48845624764674,
            24.775850510106594,
            73.33965420556666,
            18.784737104106178,
            50.630557083191384,
            64.40244873424002,
            51.89600078807641,
            31.88525227500813,
            34.506805570556196,
            62.83655318422164,
            78.51435502190904,
            0.0,
            84.79071852482022,
            57.43038042324606,
            54.83990165327172,
            30.256425052759024,
            30.934961104835544,
            73.64989213497118,
            72.16359230563295
        ],
        [
            28.03917684266564,
            78.6656787066155,
            65.39256041365915,
            69.96977107543469,
            14.449235511113097,
            81.71153624181807,
            57.542625710511764,
            23.12582209712103,
            89.7263776313407,
            103.76801149204496,
            65.19951953275567,
            41.29267899905067,
            63.320274522763114,
            84.79071852482022,
            0.0,
            50.5446880209861,
            31.62539854263617,
            87.41125778797158,
            78.58291796059348,
            55.81206140344977,
            28.03917684266564
        ],
        [
            24.103715137126883,
            48.303719793978345,
            18.03494542635479,
            59.15814529310184,
            36.235030182074695,
            44.373719379457874,
            67.36564048179389,
            46.02466107617097,
            39.98333670657752,
            62.10645992936536,
            61.967852127751975,
            63.16770414776944,
            24.097417993674163,
            57.43038042324606,
            50.5446880209861,
            0.0,
            26.251639703975968,
            44.15719664776214,
            35.46172822395514,
            17.194934321880417,
            24.103715137126883
        ],
        [
            20.43061397667535,
            47.83361607871709,
            44.18890442955394,
            45.30906040207662,
            18.64993263068085,
            50.122116913779216,
            44.67600010082047,
            20.011433309472192,
            60.84591795469943,
            72.14680553223829,
            44.21929843638233,
            37.3997175038254,
            47.793753550765345,
            54.83990165327172,
            31.62539854263617,
            26.251639703975968,
            0.0,
            55.99275907685567,
            47.29379717083247,
            39.71705071473608,
            20.43061397667535
        ],
        [
            66.13836733634287,
            23.64129839211263,
            46.33654843466987,
            50.1325643410954,
            73.49853492411735,
            12.284494035388576,
            72.72027102065003,
            72.70538912813024,
            22.14754785178424,
            17.960724781616783,
            58.705792229580844,
            79.50412252049561,
            58.37558927026101,
            30.256425052759024,
            87.41125778797158,
            44.15719664776214,
            55.99275907685567,
            0.0,
            9.006252788051102,
            56.13556230766547,
            66.13836733634287
        ],
        [
            57.14630490135808,
            22.4994110368859,
            39.44216083839258,
            46.87959294200115,
            64.59257587501561,
            12.436068903500447,
            67.50264760753701,
            64.55759871486502,
            22.10647093341576,
            26.73597461574973,
            54.62169862274208,
            72.72020595514358,
            51.31931447759475,
            30.934961104835544,
            78.58291796059348,
            35.46172822395514,
            47.29379717083247,
            9.006252788051102,
            0.0,
            48.345107974402744,
            57.14630490135808
        ],
        [
            27.95092742092438,
            64.37482493627559,
            12.42711321094056,
            76.34122209345082,
            43.078241605063205,
            58.960738817874436,
            83.26942033734848,
            57.82017678879421,
            45.30640211702757,
            73.8079066117969,
            78.9033546492339,
            77.05186314227909,
            8.159592762759827,
            73.64989213497118,
            55.81206140344977,
            17.194934321880417,
            39.71705071473608,
            56.13556230766547,
            48.345107974402744,
            0.0,
            27.95092742092438
        ],
        [
            0.0,
            64.08438775848228,
            37.41832132841728,
            65.49130717410331,
            15.26743292795711,
            63.53920563446687,
            63.99729055692128,
            32.634346304675866,
            64.08705181364576,
            83.740269089491,
            64.64407923121577,
            53.589985909818154,
            35.72532341554279,
            72.16359230563295,
            28.03917684266564,
            24.103715137126883,
            20.43061397667535,
            66.13836733634287,
            57.14630490135808,
            27.95092742092438,
            0.0
        ]
    ],
    "scores_ave": [
        0,
        16.415278663881782,
        18.05759226904827,
        18.065325128472548,
        13.465674207397205,
        19.520392915615055,
        19.44637360893484,
        14.404229493634247,
        18.70661487119324,
        17.702945066557607,
        13.061097332259273,
        19.590361457897306,
        11.167281201427855,
        17.679761581194363,
        10.502854010474502,
        19.479187741511755,
        18.720542858197728,
        19.246836589644293,
        18.430291948748412,
        12.754775522034516,
        0
    ],
    "scores_var": [
        0,
        22.4487538393224,
        279.1890483850183,
        21.88111629067101,
        22.84309401969547,
        338.05807522320686,
        23.3545053049691,
        286.8552136159731,
        17.89723672457983,
        256.58117944015237,
        314.66688338050943,
        20.075836812064086,
        359.7962629188769,
        232.16089361872605,
        314.5923840909399,
        23.50069801314222,
        22.342738045745964,
        19.316311215913434,
        253.8244363713851,
        20.56922440090895,
        0
    ],
    "vertex_number": 21,
    "minimum_distances": {
        "cost": 365.52240998370377,
        "path": [
            0,
            16,
            4,
            14,
            7,
            11,
            6,
            10,
            3,
            13,
            1,
            5,
            9,
            17,
            18,
            8,
            15,
            2,
            12,
            19,
            20
        ]
    }
}