{
    "vertices": [
        [
            23.603584649320542,
            14.95584885586867
        ],
        [
            45.430314204452316,
            63.96829193567316
        ],
        [
            4.043596751134871,
            15.64521928682565
        ],
        [
            95.76645200670163,
            72.20227702605148
        ],
        [
            52.3102243996527,
            2.610022431607806
        ],
        [
            52.287030553149464,
            57.13037725552329
        ],
        [
            25.692481383472565,
            73.30798700991582
        ],
        [
            71.0258857064184,
            93.51366385841652
        ],
        [
            82.55982545735961,
            40.50517262394012
        ],
        [
            88.99948585719547,
            96.7093731717703
        ],
        [
            21.61901031508757,
            37.69460693865271
        ],
        [
            70.03964241675212,
            78.2190244677031
        ],
        [
            95.84121187016342,
            30.86771956386357
        ],
        [
            96.85722638737455,
            28.364291553165145
        ],
        [
            20.222808589858353,
            63.0165393327875
        ],
        [
            68.82128632643925,
            21.676403662230072
        ],
        [
            96.91033715509127,
            59.20213782920069
        ],
        [
            16.131909067028626,
            31.80749422542363
        ],
        [
            65.2820217402172,
            24.936529986406576
        ],
        [
            16.05363532307115,
            5.286304938002617
        ],
        [
            99.62935758080677,
            65.05559222158797
        ],
        [
            76.78285712210695,
            75.09384936296692
        ],
        [
            58.01447035157672,
            88.01841529923628
        ],
        [
            54.869307915853035,
            86.6074001064806
        ],
        [
            23.603584649320542,
            14.95584885586867
        ]
    ],
    "distances": [
        [
            0.0,
            53.652825645290456,
            19.57213218247434,
            92.1120674150943,
            31.248849512475303,
            51.00422447847976,
            58.38951546908877,
            91.76167465518793,
            64.25423157443588,
            104.69127295463007,
            22.825197796196043,
            78.4763457958769,
            73.96933429418847,
            74.47068123398532,
            48.17945221650439,
            45.71440037741075,
            85.62484482236407,
            18.43377030529187,
            42.85680942591628,
            12.267918095931112,
            91.0489013395595,
            80.27835402975455,
            80.76043381573211,
            78.1760209271261,
            0.0
        ],
        [
            53.652825645290456,
            0.0,
            63.62373560069013,
            51.005149537234026,
            61.74277610237119,
            9.683575592698174,
            21.83602410121353,
            39.09043722658382,
            43.92173236242383,
            54.50001026619086,
            35.4582108436725,
            28.43769352039914,
            60.3067698919798,
            62.5489579442186,
            25.225466741507198,
            48.32950848648228,
            51.70018363569861,
            43.5053267193364,
            43.790052899599914,
            65.62442274103873,
            54.20994857794741,
            33.268002276532734,
            27.143496822219014,
            24.528021140185412,
            53.652825645290456
        ],
        [
            19.57213218247434,
            63.62373560069013,
            0.0,
            107.75798326041452,
            49.995836842830684,
            63.62740947655469,
            61.59276732954379,
            102.71378531476688,
            82.35784996083675,
            117.42614759449128,
            28.19699731823437,
            90.94481369661847,
            93.05120448562565,
            93.68107944280656,
            50.05805488249855,
            65.05785311309172,
            102.5740543517849,
            20.182825021225867,
            61.93926985087579,
            15.860269007354475,
            107.60122037848609,
            93.94221424495996,
            90.28141945187659,
            87.2862189700113,
            19.57213218247434
        ],
        [
            92.1120674150943,
            51.005149537234026,
            107.75798326041452,
            0.0,
            82.0458750783579,
            46.0176298023753,
            70.082693680206,
            32.65380268173084,
            34.33833735480116,
            25.424193052367826,
            81.78399846101965,
            26.42101401260253,
            41.334625069451135,
            43.85155366769261,
            76.1000646363761,
            57.26173096155675,
            13.050367518587462,
            89.293890646116,
            56.243678150418404,
            104.076320381375,
            8.123862576927438,
            19.202553614611364,
            40.93119041471172,
            43.359935029355654,
            92.1120674150943
        ],
        [
            31.248849512475303,
            61.74277610237119,
            49.995836842830684,
            82.0458750783579,
            0.0,
            54.52035975743521,
            75.54274577211964,
            92.81027961817259,
            48.48794460739543,
            100.99895898483337,
            46.614146908600446,
            77.65985740470627,
            51.89840380374003,
            51.45597889535964,
            68.3999235195709,
            25.221856775059315,
            72.05440710305169,
            46.490459875736356,
            25.821318049998204,
            36.3552298785488,
            78.34889629989105,
            76.50369219183712,
            85.59866817954128,
            84.03635144803769,
            31.248849512475303
        ],
        [
            51.00422447847976,
            9.683575592698174,
            63.62740947655469,
            46.0176298023753,
            54.52035975743521,
            0.0,
            31.128525549787582,
            40.92539842791349,
            34.53750917993923,
            53.984268932624,
            36.3080794470366,
            27.566034702501277,
            50.859550717880126,
            53.047054992116095,
            32.60001892807769,
            39.11989081695525,
            44.67137432367116,
            44.141151034293,
            34.717626617313314,
            63.250824218846155,
            48.00109332767314,
            30.376501599943147,
            31.41455810344098,
            29.589914371856338,
            51.00422447847976
        ],
        [
            58.38951546908877,
            21.83602410121353,
            61.59276732954379,
            70.082693680206,
            75.54274577211964,
            31.128525549787582,
            0.0,
            49.63251881996038,
            65.64997679861456,
            67.49371592772327,
            35.84558559495451,
            44.61825837729906,
            81.98793014698464,
            84.16862059449201,
            11.654664978465634,
            67.27491519725228,
            72.60136336058824,
            42.587503382725345,
            62.507036085832084,
            68.70121240028122,
            74.39599237568073,
            51.12157858926977,
            35.5120778230377,
            32.064958992858536,
            58.38951546908877
        ],
        [
            91.76167465518793,
            39.09043722658382,
            102.71378531476688,
            32.65380268173084,
            92.81027961817259,
            40.92539842791349,
            49.63251881996038,
            0.0,
            54.2487963841955,
            18.255488500598094,
            74.54399004176209,
            15.32640433755989,
            67.38185771533225,
            70.08351356163499,
            59.25392180137,
            71.87108049083997,
            42.980061019643266,
            82.58934581446668,
            68.81725992337822,
            103.95198494632493,
            40.3487353526203,
            19.298504758862283,
            14.124258786335748,
            17.570756526510014,
            91.76167465518793
        ],
        [
            64.25423157443588,
            43.92173236242383,
            82.35784996083675,
            34.33833735480116,
            48.48794460739543,
            34.53750917993923,
            65.64997679861456,
            54.2487963841955,
            0.0,
            56.571913396012405,
            61.00559179022762,
            39.737760433416724,
            16.409622985656572,
            18.756776549511226,
            66.27718538863384,
            23.30815303848174,
            23.569338002444145,
            66.99490790712996,
            23.257367324427054,
            75.25584340938384,
            29.901371696528678,
            35.06779037383744,
            53.47880595890831,
            53.778993487870274,
            64.25423157443588
        ],
        [
            104.69127295463007,
            54.50001026619086,
            117.42614759449128,
            25.424193052367826,
            100.99895898483337,
            53.984268932624,
            67.49371592772327,
            18.255488500598094,
            56.571913396012405,
            0.0,
            89.57048128613641,
            26.483365694037502,
            66.19616729584952,
            68.79530701794576,
            76.58615010585628,
            77.69881755678527,
            38.33241802052569,
            97.58041626288083,
            75.59007291338567,
            116.95843071545953,
            33.390957178591876,
            24.828952599333224,
            32.18080071448806,
            35.593804322094265,
            104.69127295463007
        ],
        [
            22.825197796196043,
            35.4582108436725,
            28.19699731823437,
            81.78399846101965,
            46.614146908600446,
            36.3080794470366,
            35.84558559495451,
            74.54399004176209,
            61.00559179022762,
            89.57048128613641,
            0.0,
            63.14100117351287,
            74.53550559907916,
            75.81453648828045,
            25.360395096107354,
            49.84614024030971,
            78.30298705883536,
            8.047755973233379,
            45.48875788841057,
            32.88269206386701,
            82.66944898915864,
            66.64648024060179,
            62.105677672660654,
            59.14426114187394,
            22.825197796196043
        ],
        [
            78.4763457958769,
            28.43769352039914,
            90.94481369661847,
            26.42101401260253,
            77.65985740470627,
            27.566034702501277,
            44.61825837729906,
            15.32640433755989,
            39.737760433416724,
            26.483365694037502,
            63.14100117351287,
            0.0,
            53.924642440683684,
            56.60986843299761,
            52.084858517746554,
            56.55574558888171,
            32.919237736354994,
            71.13419609677831,
            53.49447796409631,
            90.73957537875592,
            32.385601615346744,
            7.432204518026692,
            15.512344241481086,
            17.335048160487034,
            78.4763457958769
        ],
        [
            73.96933429418847,
            60.3067698919798,
            93.05120448562565,
            41.334625069451135,
            51.89840380374003,
            50.859550717880126,
            81.98793014698464,
            67.38185771533225,
            16.409622985656572,
            66.19616729584952,
            74.53550559907916,
            53.924642440683684,
            0.0,
            2.701747083635558,
            82.16866511753497,
            28.540439106503225,
            28.354581416588424,
            79.71484259393819,
            31.129457290514026,
            83.78822199759534,
            34.3971028545406,
            48.1577765548816,
            68.53513257411208,
            69.17809552621577,
            73.96933429418847
        ],
        [
            74.47068123398532,
            62.5489579442186,
            93.68107944280656,
            43.85155366769261,
            51.45597889535964,
            53.047054992116095,
            84.16862059449201,
            70.08351356163499,
            18.756776549511226,
            68.79530701794576,
            75.81453648828045,
            56.60986843299761,
            2.701747083635558,
            0.0,
            84.10476958737007,
            28.822591478596664,
            30.837892011258596,
            80.79871596202993,
            31.76071626818914,
            84.03459879773803,
            36.79587281332249,
            50.85894094943313,
            71.18549133333335,
            71.80003475991099,
            74.47068123398532
        ],
        [
            48.17945221650439,
            25.225466741507198,
            50.05805488249855,
            76.1000646363761,
            68.3999235195709,
            32.60001892807769,
            11.654664978465634,
            59.25392180137,
            66.27718538863384,
            76.58615010585628,
            25.360395096107354,
            52.084858517746554,
            82.16866511753497,
            84.10476958737007,
            0.0,
            63.802969018479416,
            76.78233323020329,
            31.47602191223283,
            58.995082859081826,
            57.88058369613507,
            79.43272473820356,
            57.83511483117664,
            45.313392066295535,
            41.915493884599776,
            48.17945221650439
        ],
        [
            45.71440037741075,
            48.32950848648228,
            65.05785311309172,
            57.26173096155675,
            25.221856775059315,
            39.11989081695525,
            67.27491519725228,
            71.87108049083997,
            23.30815303848174,
            77.69881755678527,
            49.84614024030971,
            56.55574558888171,
            28.540439106503225,
            28.822591478596664,
            63.802969018479416,
            0.0,
            46.87403866987293,
            53.6545382235662,
            4.811945288640979,
            55.25450505255817,
            53.20612046073754,
            54.00750054136553,
            67.21643980128084,
            66.41304089418537,
            45.71440037741075
        ],
        [
            85.62484482236407,
            51.70018363569861,
            102.5740543517849,
            13.050367518587462,
            72.05440710305169,
            44.67137432367116,
            72.60136336058824,
            42.980061019643266,
            23.569338002444145,
            38.33241802052569,
            78.30298705883536,
            32.919237736354994,
            28.354581416588424,
            30.837892011258596,
            76.78233323020329,
            46.87403866987293,
            0.0,
            85.29725049822105,
            46.63134371663457,
            97.18396610297299,
            6.45414598527304,
            25.64492050973489,
            48.40729595450283,
            50.18462453761097,
            85.62484482236407
        ],
        [
            18.43377030529187,
            43.5053267193364,
            20.182825021225867,
            89.293890646116,
            46.490459875736356,
            44.141151034293,
            42.587503382725345,
            82.58934581446668,
            66.99490790712996,
            97.58041626288083,
            8.047755973233379,
            71.13419609677831,
            79.71484259393819,
            80.79871596202993,
            31.47602191223283,
            53.6545382235662,
            85.29725049822105,
            0.0,
            49.62805381395671,
            26.521304794414018,
            89.873577477886,
            74.51339504460476,
            70.09862044092111,
            67.10898415373015,
            18.43377030529187
        ],
        [
            42.85680942591628,
            43.790052899599914,
            61.93926985087579,
            56.243678150418404,
            25.821318049998204,
            34.717626617313314,
            62.507036085832084,
            68.81725992337822,
            23.257367324427054,
            75.59007291338567,
            45.48875788841057,
            53.49447796409631,
            31.129457290514026,
            31.76071626818914,
            58.995082859081826,
            4.811945288640979,
            46.63134371663457,
            49.62805381395671,
            0.0,
            53.0053334456899,
            52.81362167070733,
            51.45897299328468,
            63.499146118727694,
            62.543751331009425,
            42.85680942591628
        ],
        [
            12.267918095931112,
            65.62442274103873,
            15.860269007354475,
            104.076320381375,
            36.3552298785488,
            63.250824218846155,
            68.70121240028122,
            103.95198494632493,
            75.25584340938384,
            116.95843071545953,
            32.88269206386701,
            90.73957537875592,
            83.78822199759534,
            84.03459879773803,
            57.88058369613507,
            55.25450505255817,
            97.18396610297299,
            26.521304794414018,
            53.0053334456899,
            0.0,
            102.7485720255514,
            92.52638347498431,
            92.76483041062926,
            90.10980500606297,
            12.267918095931112
        ],
        [
            91.0489013395595,
            54.20994857794741,
            107.60122037848609,
            8.123862576927438,
            78.34889629989105,
            48.00109332767314,
            74.39599237568073,
            40.3487353526203,
            29.901371696528678,
            33.390957178591876,
            82.66944898915864,
            32.385601615346744,
            34.3971028545406,
            36.79587281332249,
            79.43272473820356,
            53.20612046073754,
            6.45414598527304,
            89.873577477886,
            52.81362167070733,
            102.7485720255514,
            0.0,
            24.95454246516687,
            47.529886206437645,
            49.67839036358208,
            91.0489013395595
        ],
        [
            80.27835402975455,
            33.268002276532734,
            93.94221424495996,
            19.202553614611364,
            76.50369219183712,
            30.376501599943147,
            51.12157858926977,
            19.298504758862283,
            35.06779037383744,
            24.828952599333224,
            66.64648024060179,
            7.432204518026692,
            48.1577765548816,
            50.85894094943313,
            57.83511483117664,
            54.00750054136553,
            25.64492050973489,
            74.51339504460476,
            51.45897299328468,
            92.52638347498431,
            24.95454246516687,
            0.0,
            22.788083434312515,
            24.754100459083052,
            80.27835402975455
        ],
        [
            80.76043381573211,
            27.143496822219014,
            90.28141945187659,
            40.93119041471172,
            85.59866817954128,
            31.41455810344098,
            35.5120778230377,
            14.124258786335748,
            53.47880595890831,
            32.18080071448806,
            62.105677672660654,
            15.512344241481086,
            68.53513257411208,
            71.18549133333335,
            45.313392066295535,
            67.21643980128084,
            48.40729595450283,
            70.09862044092111,
            63.499146118727694,
            92.76483041062926,
            47.529886206437645,
            22.788083434312515,
            0.0,
            3.4471742951691167,
            80.76043381573211
        ],
        [
            78.1760209271261,
            24.528021140185412,
            87.2862189700113,
            43.359935029355654,
            84.03635144803769,
            29.589914371856338,
            32.064958992858536,
            17.570756526510014,
            53.778993487870274,
            35.593804322094265,
            59.14426114187394,
            17.335048160487034,
            69.17809552621577,
            71.80003475991099,
            41.915493884599776,
            66.41304089418537,
            50.18462453761097,
            67.10898415373015,
            62.543751331009425,
            90.10980500606297,
            49.67839036358208,
            24.754100459083052,
            3.4471742951691167,
            0.0,
            78.1760209271261
        ],
        [
            0.0,
            53.652825645290456,
            19.57213218247434,
            92.1120674150943,
            31.248849512475303,
            51.00422447847976,
            58.38951546908877,
            91.76167465518793,
            64.25423157443588,
            104.69127295463007,
            22.825197796196043,
            78.4763457958769,
            73.96933429418847,
            74.47068123398532,
            48.17945221650439,
            45.71440037741075,
            85.62484482236407,
            18.43377030529187,
            42.85680942591628,
            12.267918095931112,
            91.0489013395595,
            80.27835402975455,
            80.76043381573211,
            78.1760209271261,
            0.0
        ]
    ],
    "scores_ave": [
        0,
        16.484619460494933,
        19.525012502357697,
        13.190237229561632,
        10.908818412237453,
        18.6805204083904,
        19.66310191298914,
        12.70735880084175,
        11.21065903802275,
        16.17148312351455,
        11.262932293718954,
        19.722560168442463,
        13.266628779469034,
        13.539982246641166,
        19.614513640226043,
        12.098361896961313,
        10.663653450118272,
        11.893897358770523,
        13.256672018432981,
        10.261968271346026,
        10.057423472123892,
        16.21157615148818,
        11.869614207216525,
        13.453019202637151,
        0
    ],
    "scores_var": [
        0,
        23.321143854437402,
        311.34750050108494,
        315.83385821985144,
        228.69288454974736,
        357.68569997562065,
        17.22374192325071,
        368.3414129575685,
        367.98903067694096,
        323.70052791292346,
        275.2574340047641,
        19.68417506770826,
        19.023847056831816,
        335.62401488208513,
        279.542445271433,
        20.489932817412768,
        24.82155281964082,
        306.9421519023418,
        290.3870706603879,
        20.997523222879273,
        368.85082830184797,
        295.0751285892888,
        379.6995988347652,
        16.973216132565287,
        0
    ],
    "vertex_number": 25,
    "minimum_distances": {
        "cost": 389.2517177428051,
        "path": [
            0,
            4,
            18,
            15,
            13,
            12,
            8,
            16,
            20,
            3,
            9,
            7,
            22,
            23,
            11,
            21,
            5,
            1,
            6,
            14,
            10,
            17,
            2,
            19,
            24
        ]
    }
}