{
    "vertices": [
        [
            1.138264786518095,
            90.46071098721639
        ],
        [
            14.527346448989997,
            4.834653631843988
        ],
        [
            15.771073238479715,
            98.00522351546842
        ],
        [
            17.70863913759422,
            67.9548572288863
        ],
        [
            35.07903062436974,
            55.79693025316894
        ],
        [
            99.71963258533572,
            59.183776594847245
        ],
        [
            65.69536610892027,
            83.92819739987127
        ],
        [
            85.82733699745224,
            42.16914048629508
        ],
        [
            59.80661794104368,
            37.73611789243628
        ],
        [
            54.092221614730796,
            37.318633321645414
        ],
        [
            76.45342950175562,
            78.06928030149497
        ],
        [
            24.755290445780986,
            52.446726322671246
        ],
        [
            89.51088542421326,
            34.69738933217366
        ],
        [
            40.657023190041166,
            89.67948078498745
        ],
        [
            4.86044282432565,
            1.3755451766252036
        ],
        [
            79.53331398137287,
            14.22972225975795
        ],
        [
            60.639151658075285,
            22.00768422755629
        ],
        [
            32.838064955626976,
            99.92790827942795
        ],
        [
            19.085850914821645,
            49.3059982766281
        ],
        [
            20.727180603674565,
            86.52384163844376
        ],
        [
            41.51144258105878,
            44.75355800948
        ],
        [
            19.19507681102082,
            56.393188680767956
        ],
        [
            12.044350649664226,
            65.26578508890442
        ],
        [
            13.558155644213187,
            23.906657109844865
        ],
        [
            1.138264786518095,
            90.46071098721639
        ]
    ],
    "distances": [
        [
            0.0,
            86.66654029087503,
            16.463254613859046,
            27.948000993383086,
            48.51343402025873,
            103.42404315279074,
            64.88677110875335,
            97.49007505071617,
            78.87875746279391,
            75.0213433789198,
            76.32772491383716,
            44.75295443952896,
            104.49530190576867,
            39.526479559719206,
            89.16289237595234,
            109.34782750758973,
            90.69824921717392,
            33.08330629382579,
            44.89795347367106,
            19.980604674557483,
            60.984730208141364,
            38.55702966501164,
            27.454088946380043,
            67.70299680537879,
            0.0
        ],
        [
            86.66654029087503,
            0.0,
            93.17887072059973,
            63.200322193028725,
            54.95020801482919,
            101.05222800109183,
            94.20167143795197,
            80.48324397597294,
            55.97069570178789,
            51.19168177905552,
            95.90698778348312,
            48.698257713373195,
            80.71130094823505,
            88.77727581559719,
            10.267154279230189,
            65.68137581799294,
            49.20580818848417,
            96.84012335648663,
            44.704367319985366,
            81.92411965180459,
            48.18361101843216,
            51.76939484988931,
            60.482120641723434,
            19.09661350818363,
            86.66654029087503
        ],
        [
            16.463254613859046,
            93.17887072059973,
            0.0,
            30.1127659900442,
            46.41483855979271,
            92.49035278029385,
            51.87097148572336,
            89.58542437197842,
            74.64244295206122,
            71.77306348643386,
            63.873235345439596,
            46.435900177492805,
            97.18766264380886,
            26.24173197420052,
            97.2436969263436,
            105.28037782607075,
            88.25401089403657,
            17.17495045043028,
            48.81190725537034,
            12.505404032713574,
            59.14648335323124,
            41.75266750219797,
            32.950861745040335,
            74.13160289409382,
            16.463254613859046
        ],
        [
            27.948000993383086,
            63.200322193028725,
            30.1127659900442,
            0.0,
            21.202492512691038,
            82.47869362310676,
            50.57542448302924,
            72.83584410200635,
            51.82096126491665,
            47.56409663985218,
            59.60915994225207,
            17.034007715845167,
            79.13040972158029,
            31.600436694338676,
            67.80767612782971,
            81.90653543515324,
            62.8822042559366,
            35.371959502745945,
            18.699643111582493,
            18.81272905733866,
            33.239641051561186,
            11.656829610727385,
            6.270189235463547,
            44.24330962932079,
            27.948000993383086
        ],
        [
            48.51343402025873,
            54.95020801482919,
            46.41483855979271,
            21.202492512691038,
            0.0,
            64.7292681097058,
            41.577977220900024,
            52.5462391962199,
            30.621014314247127,
            26.513183308035618,
            46.98828001896003,
            10.853731047475334,
            58.37822748275252,
            34.33862594228139,
            62.24829477406133,
            60.86062839925509,
            42.36782900075311,
            44.18783937558658,
            17.26018525815935,
            33.91339974545547,
            12.780140613202786,
            15.895141171348076,
            24.904933114492213,
            38.47255620656554,
            48.51343402025873
        ],
        [
            103.42404315279074,
            101.05222800109183,
            92.49035278029385,
            82.47869362310676,
            64.7292681097058,
            0.0,
            42.070620036246595,
            21.96573965537182,
            45.31060363546898,
            50.59590025128638,
            29.96628866209823,
            75.26646290869559,
            26.529260822294862,
            66.47089440223947,
            111.08581143340508,
            49.27833661907489,
            53.93835215509754,
            78.31493060290457,
            81.2365512007496,
            83.58999118712198,
            59.97019753173641,
            80.57289534053594,
            87.88598232836262,
            93.10357279844165,
            103.42404315279074
        ],
        [
            64.88677110875335,
            94.20167143795197,
            51.87097148572336,
            50.57542448302924,
            41.577977220900024,
            42.070620036246595,
            0.0,
            46.3585492241506,
            46.56592707340706,
            48.03211868859504,
            12.250013776723284,
            51.644678491478196,
            54.68867728566466,
            25.690384907573822,
            102.54671267346762,
            71.05889274522724,
            62.12660666812381,
            36.54576565496492,
            58.061549916949424,
            45.043035828498766,
            46.038185548179975,
            54.04122139579598,
            56.804199607721415,
            79.50392451840617,
            64.88677110875335
        ],
        [
            97.49007505071617,
            80.48324397597294,
            89.58542437197842,
            72.83584410200635,
            52.5462391962199,
            21.96573965537182,
            46.3585492241506,
            0.0,
            26.395634289219227,
            32.1036597307684,
            37.103775825228055,
            61.93079719036063,
            8.33040181032154,
            65.55600418541037,
            90.66286654596468,
            28.639584783377913,
            32.263431298667555,
            78.38327760755865,
            67.12198375821002,
            78.77417011172336,
            44.391189574723924,
            68.13355740449033,
            77.31354387361321,
            74.54094762305128,
            97.49007505071617
        ],
        [
            78.87875746279391,
            55.97069570178789,
            74.64244295206122,
            51.82096126491665,
            30.621014314247127,
            45.31060363546898,
            46.56592707340706,
            26.395634289219227,
            0.0,
            5.729626405013389,
            43.63347711394724,
            38.01312351764662,
            29.85929299187509,
            55.36081581511317,
            65.88758159303488,
            30.68701960613866,
            15.750451991626296,
            67.7873265564201,
            42.33252885557817,
            62.50955455706032,
            19.594843894476252,
            44.692097325549156,
            55.128184740307475,
            48.271878463123706,
            78.87875746279391
        ],
        [
            75.0213433789198,
            51.19168177905552,
            71.77306348643386,
            47.56409663985218,
            26.513183308035618,
            50.59590025128638,
            48.03211868859504,
            32.1036597307684,
            5.729626405013389,
            0.0,
            46.482672550565155,
            33.00779799167745,
            35.51552711282045,
            54.057033804955985,
            60.95632558043569,
            34.35617840842842,
            16.65195049098559,
            66.11853360464782,
            37.00193114073109,
            59.450639081249456,
            14.613490555231959,
            39.7699557153303,
            50.4882832407391,
            42.69533475695181,
            75.0213433789198
        ],
        [
            76.32772491383716,
            95.90698778348312,
            63.873235345439596,
            59.60915994225207,
            46.98828001896003,
            29.96628866209823,
            12.250013776723284,
            37.103775825228055,
            43.63347711394724,
            46.482672550565155,
            0.0,
            57.69933148874972,
            45.29479088616725,
            37.632159918083886,
            104.9165608891101,
            63.913808049373,
            58.24941148264569,
            48.78626488643469,
            64.17449232966378,
            56.363946132710666,
            48.27918601017225,
            61.22394875215686,
            65.66931496699014,
            83.00244107624748,
            76.32772491383716
        ],
        [
            44.75295443952896,
            48.698257713373195,
            46.435900177492805,
            17.034007715845167,
            10.853731047475334,
            75.26646290869559,
            51.644678491478196,
            61.93079719036063,
            38.01312351764662,
            33.00779799167745,
            57.69933148874972,
            0.0,
            67.14406931824291,
            40.48633237428408,
            54.80940161626631,
            66.79199998510742,
            47.05514614971863,
            48.164238640174254,
            6.481258925116821,
            34.31436225758147,
            18.437827233046317,
            6.818397231611481,
            18.052596991919042,
            30.657974141117037,
            44.75295443952896
        ],
        [
            104.49530190576867,
            80.71130094823505,
            97.18766264380886,
            79.13040972158029,
            58.37822748275252,
            26.529260822294862,
            54.68867728566466,
            8.33040181032154,
            29.85929299187509,
            35.51552711282045,
            45.29479088616725,
            67.14406931824291,
            0.0,
            73.55086835463634,
            90.97275817673952,
            22.770097217276746,
            31.537368728302358,
            86.4108163483757,
            71.92424445860377,
            86.12304690089108,
            49.04154403890329,
            73.58682389056871,
            83.2795943140727,
            76.71542910606519,
            104.49530190576867
        ],
        [
            39.526479559719206,
            88.77727581559719,
            26.24173197420052,
            31.600436694338676,
            34.33862594228139,
            66.47089440223947,
            25.690384907573822,
            65.55600418541037,
            55.36081581511317,
            54.057033804955985,
            37.632159918083886,
            40.48633237428408,
            73.55086835463634,
            0.0,
            95.28368280983327,
            84.87656948303002,
            70.56031113468372,
            12.890553672372555,
            45.77481363348187,
            20.17812389546042,
            44.934046887929036,
            39.60545902301057,
            37.61267828065137,
            71.13657959494344,
            39.526479559719206
        ],
        [
            89.16289237595234,
            10.267154279230189,
            97.2436969263436,
            67.80767612782971,
            62.24829477406133,
            111.08581143340508,
            102.54671267346762,
            90.66286654596468,
            65.88758159303488,
            60.95632558043569,
            104.9165608891101,
            54.80940161626631,
            90.97275817673952,
            95.28368280983327,
            0.0,
            75.77115252734059,
            59.47225841497172,
            102.44664764290023,
            49.99690560137424,
            86.6140043994524,
            56.78862368903976,
            56.85440025434669,
            64.29285565046523,
            24.15162961881681,
            89.16289237595234
        ],
        [
            109.34782750758973,
            65.68137581799294,
            105.28037782607075,
            81.90653543515324,
            60.86062839925509,
            49.27833661907489,
            71.05889274522724,
            28.639584783377913,
            30.68701960613866,
            34.35617840842842,
            63.913808049373,
            66.79199998510742,
            22.770097217276746,
            84.87656948303002,
            75.77115252734059,
            0.0,
            20.43247567652132,
            97.59418716623642,
            69.8873445653341,
            93.19120677175137,
            48.75825318505609,
            73.6101947114752,
            84.61347339927194,
            66.68106617103628,
            109.34782750758973
        ],
        [
            90.69824921717392,
            49.20580818848417,
            88.25401089403657,
            62.8822042559366,
            42.36782900075311,
            53.93835215509754,
            62.12660666812381,
            32.263431298667555,
            15.750451991626296,
            16.65195049098559,
            58.24941148264569,
            47.05514614971863,
            31.537368728302358,
            70.56031113468372,
            59.47225841497172,
            20.43247567652132,
            0.0,
            82.73126215724577,
            49.71795201515279,
            75.86369355965824,
            29.719421741315628,
            53.851409047768584,
            65.05934195161858,
            47.11927719803187,
            90.69824921717392
        ],
        [
            33.08330629382579,
            96.84012335648663,
            17.17495045043028,
            35.371959502745945,
            44.18783937558658,
            78.31493060290457,
            36.54576565496492,
            78.38327760755865,
            67.7873265564201,
            66.11853360464782,
            48.78626488643469,
            48.164238640174254,
            86.4108163483757,
            12.890553672372555,
            102.44664764290023,
            97.59418716623642,
            82.73126215724577,
            0.0,
            52.4566598570257,
            18.064952872961257,
            55.8519149818898,
            45.62239511520428,
            40.42080329128837,
            78.42796396978044,
            33.08330629382579
        ],
        [
            44.89795347367106,
            44.704367319985366,
            48.81190725537034,
            18.699643111582493,
            17.26018525815935,
            81.2365512007496,
            58.061549916949424,
            67.12198375821002,
            42.33252885557817,
            37.00193114073109,
            64.17449232966378,
            6.481258925116821,
            71.92424445860377,
            45.77481363348187,
            49.99690560137424,
            69.8873445653341,
            49.71795201515279,
            52.4566598570257,
            0.0,
            37.254017604174656,
            22.883004041575397,
            7.088032034417772,
            17.4441256896848,
            25.993882871001723,
            44.89795347367106
        ],
        [
            19.980604674557483,
            81.92411965180459,
            12.505404032713574,
            18.81272905733866,
            33.91339974545547,
            83.58999118712198,
            45.043035828498766,
            78.77417011172336,
            62.50955455706032,
            59.450639081249456,
            56.363946132710666,
            34.31436225758147,
            86.12304690089108,
            20.17812389546042,
            86.6140043994524,
            93.19120677175137,
            75.86369355965824,
            18.064952872961257,
            37.254017604174656,
            0.0,
            46.655569232285835,
            30.16958053548908,
            22.962937622910342,
            63.02623832308243,
            19.980604674557483
        ],
        [
            60.984730208141364,
            48.18361101843216,
            59.14648335323124,
            33.239641051561186,
            12.780140613202786,
            59.97019753173641,
            46.038185548179975,
            44.391189574723924,
            19.594843894476252,
            14.613490555231959,
            48.27918601017225,
            18.437827233046317,
            49.04154403890329,
            44.934046887929036,
            56.78862368903976,
            48.75825318505609,
            29.719421741315628,
            55.8519149818898,
            22.883004041575397,
            46.655569232285835,
            0.0,
            25.169449404905727,
            35.903495187114174,
            34.87089800525405,
            60.984730208141364
        ],
        [
            38.55702966501164,
            51.76939484988931,
            41.75266750219797,
            11.656829610727385,
            15.895141171348076,
            80.57289534053594,
            54.04122139579598,
            68.13355740449033,
            44.692097325549156,
            39.7699557153303,
            61.22394875215686,
            6.818397231611481,
            73.58682389056871,
            39.60545902301057,
            56.85440025434669,
            73.6101947114752,
            53.851409047768584,
            45.62239511520428,
            7.088032034417772,
            30.16958053548908,
            25.169449404905727,
            0.0,
            11.395431174658803,
            32.97195192507393,
            38.55702966501164
        ],
        [
            27.454088946380043,
            60.482120641723434,
            32.950861745040335,
            6.270189235463547,
            24.904933114492213,
            87.88598232836262,
            56.804199607721415,
            77.31354387361321,
            55.128184740307475,
            50.4882832407391,
            65.66931496699014,
            18.052596991919042,
            83.2795943140727,
            37.61267828065137,
            64.29285565046523,
            84.61347339927194,
            65.05934195161858,
            40.42080329128837,
            17.4441256896848,
            22.962937622910342,
            35.903495187114174,
            11.395431174658803,
            0.0,
            41.38682245292272,
            27.454088946380043
        ],
        [
            67.70299680537879,
            19.09661350818363,
            74.13160289409382,
            44.24330962932079,
            38.47255620656554,
            93.10357279844165,
            79.50392451840617,
            74.54094762305128,
            48.271878463123706,
            42.69533475695181,
            83.00244107624748,
            30.657974141117037,
            76.71542910606519,
            71.13657959494344,
            24.15162961881681,
            66.68106617103628,
            47.11927719803187,
            78.42796396978044,
            25.993882871001723,
            63.02623832308243,
            34.87089800525405,
            32.97195192507393,
            41.38682245292272,
            0.0,
            67.70299680537879
        ],
        [
            0.0,
            86.66654029087503,
            16.463254613859046,
            27.948000993383086,
            48.51343402025873,
            103.42404315279074,
            64.88677110875335,
            97.49007505071617,
            78.87875746279391,
            75.0213433789198,
            76.32772491383716,
            44.75295443952896,
            104.49530190576867,
            39.526479559719206,
            89.16289237595234,
            109.34782750758973,
            90.69824921717392,
            33.08330629382579,
            44.89795347367106,
            19.980604674557483,
            60.984730208141364,
            38.55702966501164,
            27.454088946380043,
            67.70299680537879,
            0.0
        ]
    ],
    "scores_ave": [
        0,
        14.962666846020552,
        17.526194201214693,
        19.32935085101269,
        14.978940815658738,
        16.120878771397944,
        15.647267220990228,
        19.54593623624,
        13.880706484273004,
        18.40557637120516,
        13.989189002962103,
        10.884788645116245,
        19.40742953883789,
        19.74612758461528,
        18.532425001190468,
        15.029328856330306,
        16.068992139432076,
        18.355031879876535,
        13.273946944908708,
        12.455408457139725,
        15.080714925089435,
        10.277943196599445,
        11.845292421240975,
        10.212440329708347,
        0
    ],
    "scores_var": [
        0,
        23.28914289091528,
        22.731582546322343,
        23.063367582858795,
        387.5511318140546,
        366.62357000947117,
        18.212639496574614,
        24.473604499783555,
        19.7962657717405,
        21.95705760442931,
        330.79054571711544,
        16.285310603569187,
        19.957914934155394,
        20.357232076532057,
        359.54614794220055,
        295.6076043394974,
        396.69618407522205,
        16.09659206416434,
        24.21389549866199,
        24.140798124841208,
        247.25983926543176,
        19.88567243261215,
        298.7740800267483,
        17.597994992354415,
        0
    ],
    "vertex_number": 25,
    "minimum_distances": {
        "cost": 488.36984072196367,
        "path": [
            0,
            19,
            3,
            22,
            21,
            18,
            23,
            14,
            1,
            16,
            15,
            12,
            5,
            10,
            6,
            7,
            8,
            9,
            20,
            11,
            4,
            13,
            17,
            2,
            24
        ]
    }
}