{
    "vertices": [
        [
            42.399137701673695,
            41.88913525620933
        ],
        [
            31.28940018761054,
            17.89764422677339
        ],
        [
            69.54753805261626,
            58.62058269496079
        ],
        [
            75.19959473071093,
            46.6150077822121
        ],
        [
            17.066834206718273,
            24.21467576102788
        ],
        [
            77.44716687845228,
            94.4384448550066
        ],
        [
            88.89007190689672,
            56.37695147843568
        ],
        [
            86.25285069815243,
            79.88510188654156
        ],
        [
            76.56009578088161,
            51.23899238376194
        ],
        [
            70.97628756379524,
            41.940504393876395
        ],
        [
            92.86064545966943,
            58.99471768621248
        ],
        [
            91.55938476168791,
            20.81155491752603
        ],
        [
            42.5555377778131,
            18.6283070144029
        ],
        [
            35.12514037182396,
            50.754823857345734
        ],
        [
            3.331039133743885,
            13.12803081056546
        ],
        [
            34.760755017505055,
            59.343123872191875
        ],
        [
            41.26702005720924,
            91.67733417322287
        ],
        [
            45.35114773762645,
            66.54117022706693
        ],
        [
            27.66297837241771,
            16.75937840686348
        ],
        [
            38.421163466029064,
            47.24136656062391
        ],
        [
            42.71144024231786,
            34.51701217980676
        ],
        [
            42.399137701673695,
            41.88913525620933
        ]
    ],
    "distances": [
        [
            0.0,
            26.438946829381976,
            31.890076434696127,
            33.139158897680936,
            30.888705359845375,
            63.164818439433276,
            48.69603456302557,
            58.024491585457675,
            35.41738111711603,
            28.57719603163435,
            53.28193610859027,
            53.48826304840422,
            23.261354033646366,
            11.467845112617324,
            48.513064783073794,
            19.05220744786954,
            49.801068680913026,
            24.82815320270019,
            29.131753656181818,
            6.668632465161646,
            7.378735090143841,
            0.0
        ],
        [
            26.438946829381976,
            0.0,
            55.87524344807422,
            52.46705780190236,
            15.562334994646516,
            89.38139396259785,
            69.27116621712678,
            82.84579530155008,
            56.22349487913515,
            46.40159646633763,
            74.02693895658908,
            60.34038379123228,
            11.28980621226962,
            33.08031372336858,
            28.362284198534475,
            41.59060095014053,
            74.4512964753229,
            50.63521863191282,
            3.8008662510645683,
            30.197948404908512,
            20.165971094139035,
            26.438946829381976
        ],
        [
            31.890076434696127,
            55.87524344807422,
            0.0,
            13.269497868345098,
            62.753411924032505,
            36.67865026554304,
            19.47222372867957,
            27.04158366357669,
            10.181544156690515,
            16.741156987974296,
            23.316109323051222,
            43.74978830827072,
            48.248836182282325,
            35.30965341356574,
            80.33801719004164,
            34.79428602061976,
            43.50329316711694,
            25.459792048033073,
            59.21719990048441,
            33.14117913919923,
            36.071571316798845,
            31.890076434696127
        ],
        [
            33.139158897680936,
            52.46705780190236,
            13.269497868345098,
            0.0,
            62.299219263159074,
            47.876222846156494,
            16.814419705714002,
            35.05814640269389,
            4.819978911041575,
            6.2997861355512255,
            21.567798454131815,
            30.55259251843826,
            42.99871944850136,
            40.28771486816359,
            79.28724304889113,
            42.39463051555419,
            56.409510578826634,
            35.88846245909285,
            56.13455709448262,
            36.78376451112939,
            34.667588316142115,
            33.139158897680936
        ],
        [
            30.888705359845375,
            15.562334994646516,
            62.753411924032505,
            62.299219263159074,
            0.0,
            92.61297057817393,
            78.6955491311859,
            88.80259693809228,
            65.34341483009287,
            56.74886925728097,
            83.39276431780867,
            74.57024419740212,
            26.093706626472418,
            32.10111964600578,
            17.651792049091256,
            39.33297217802304,
            71.67188622632173,
            50.907116650801875,
            12.956069227172915,
            31.404392484097784,
            27.636641518223747,
            30.888705359845375
        ],
        [
            63.164818439433276,
            89.38139396259785,
            36.67865026554304,
            47.876222846156494,
            92.61297057817393,
            0.0,
            39.74440027909279,
            17.00999291858464,
            43.20855920934498,
            52.89523638065367,
            38.65013735537758,
            74.96715024228807,
            83.4541957046373,
            60.82279729751853,
            110.02083359049949,
            55.26130031449867,
            36.2853518131458,
            42.52543211250115,
            92.26322555308491,
            61.24208636119901,
            69.26145247385998,
            63.164818439433276
        ],
        [
            48.69603456302557,
            69.27116621712678,
            19.47222372867957,
            16.814419705714002,
            78.6955491311859,
            39.74440027909279,
            0.0,
            23.655613949208327,
            13.357654544366808,
            23.006839720318567,
            4.755854734593584,
            35.66542672745578,
            59.76494969320369,
            54.058081560104256,
            95.86875000756594,
            54.21052596665765,
            59.279609360019016,
            44.709610382863936,
            72.92673774934131,
            51.289079061757704,
            51.09131989440659,
            48.69603456302557
        ],
        [
            58.024491585457675,
            82.84579530155008,
            27.04158366357669,
            35.05814640269389,
            88.80259693809228,
            17.00999291858464,
            23.655613949208327,
            0.0,
            30.241512652833997,
            40.90435013636536,
            21.910524951440355,
            59.31140914923491,
            75.24526612661641,
            58.84399596620886,
            106.45437225293381,
            55.43833311281076,
            46.50571686103412,
            43.02336362029158,
            86.125664606891,
            57.909271792177094,
            62.881777870236746,
            58.024491585457675
        ],
        [
            35.41738111711603,
            56.22349487913515,
            10.181544156690515,
            4.819978911041575,
            65.34341483009287,
            43.20855920934498,
            13.357654544366808,
            30.241512652833997,
            0.0,
            10.846234051653457,
            18.05157042469439,
            33.92355554318318,
            47.11440082653475,
            41.43778407338607,
            82.55265065074146,
            42.5777152444167,
            53.67364978011217,
            34.75852535299411,
            59.83119479713768,
            38.34787047984182,
            37.75388859057847,
            35.41738111711603
        ],
        [
            28.57719603163435,
            46.40159646633763,
            16.741156987974296,
            6.2997861355512255,
            56.74886925728097,
            52.89523638065367,
            23.006839720318567,
            40.90435013636536,
            10.846234051653457,
            0.0,
            27.744752864914904,
            29.497396431415154,
            36.75863932542845,
            36.91878901839122,
            73.52576602220718,
            40.17979544893738,
            57.9343836791035,
            35.52239505645713,
            50.10121614373933,
            32.98386339912005,
            29.223446592740892,
            28.57719603163435
        ],
        [
            53.28193610859027,
            74.02693895658908,
            23.316109323051222,
            21.567798454131815,
            83.39276431780867,
            38.65013735537758,
            4.755854734593584,
            21.910524951440355,
            18.05157042469439,
            27.744752864914904,
            0.0,
            38.20532945053758,
            64.49845710874287,
            58.32053153101081,
            100.59474824176388,
            58.1009350721822,
            61.074181145606765,
            48.10510700281391,
            77.68242837129789,
            55.69379195581198,
            55.80412933457851,
            53.28193610859027
        ],
        [
            53.48826304840422,
            60.34038379123228,
            43.74978830827072,
            30.55259251843826,
            74.57024419740212,
            74.96715024228807,
            35.66542672745578,
            59.31140914923491,
            33.92355554318318,
            29.497396431415154,
            38.20532945053758,
            0.0,
            49.05245753910305,
            63.886017990302555,
            88.56228042991098,
            68.63502128596554,
            86.89810479570568,
            65.01075976506074,
            64.02476773824591,
            59.348171883858754,
            50.73422161160707,
            53.48826304840422
        ],
        [
            23.261354033646366,
            11.28980621226962,
            48.248836182282325,
            42.99871944850136,
            26.093706626472418,
            83.4541957046373,
            59.76494969320369,
            75.24526612661641,
            47.11440082653475,
            36.75863932542845,
            64.49845710874287,
            49.05245753910305,
            0.0,
            32.9745946157162,
            39.608260908516144,
            41.45425129035251,
            73.06039040934785,
            47.994352754077866,
            15.009371065548013,
            28.91020974578927,
            15.889470016698796,
            23.261354033646366
        ],
        [
            11.467845112617324,
            33.08031372336858,
            35.30965341356574,
            40.28771486816359,
            32.10111964600578,
            60.82279729751853,
            54.058081560104256,
            58.84399596620886,
            41.43778407338607,
            36.91878901839122,
            58.32053153101081,
            63.886017990302555,
            32.9745946157162,
            0.0,
            49.26094222122144,
            8.596026630452487,
            41.380847461389905,
            18.80903927238859,
            34.80480100621317,
            4.817483825963635,
            17.92256883932314,
            11.467845112617324
        ],
        [
            48.513064783073794,
            28.362284198534475,
            80.33801719004164,
            79.28724304889113,
            17.651792049091256,
            110.02083359049949,
            95.86875000756594,
            106.45437225293381,
            82.55265065074146,
            73.52576602220718,
            100.59474824176388,
            88.56228042991098,
            39.608260908516144,
            49.26094222122144,
            0.0,
            55.88972953261394,
            87.23033708168455,
            67.96067237313584,
            24.60142175728172,
            48.93911014364123,
            44.81411067382601,
            48.513064783073794
        ],
        [
            19.05220744786954,
            41.59060095014053,
            34.79428602061976,
            42.39463051555419,
            39.33297217802304,
            55.26130031449867,
            54.21052596665765,
            55.43833311281076,
            42.5777152444167,
            40.17979544893738,
            58.1009350721822,
            68.63502128596554,
            41.45425129035251,
            8.596026630452487,
            55.88972953261394,
            0.0,
            32.98230799319805,
            12.805010319922832,
            43.17121507624523,
            12.643224273820135,
            26.068164824299338,
            19.05220744786954
        ],
        [
            49.801068680913026,
            74.4512964753229,
            43.50329316711694,
            56.409510578826634,
            71.67188622632173,
            36.2853518131458,
            59.279609360019016,
            46.50571686103412,
            53.67364978011217,
            57.9343836791035,
            61.074181145606765,
            86.89810479570568,
            73.06039040934785,
            41.380847461389905,
            87.23033708168455,
            32.98230799319805,
            0.0,
            25.46579739254163,
            76.14308928833745,
            44.527004361460335,
            57.17856906273677,
            49.801068680913026
        ],
        [
            24.82815320270019,
            50.63521863191282,
            25.459792048033073,
            35.88846245909285,
            50.907116650801875,
            42.52543211250115,
            44.709610382863936,
            43.02336362029158,
            34.75852535299411,
            35.52239505645713,
            48.10510700281391,
            65.01075976506074,
            47.994352754077866,
            18.80903927238859,
            67.96067237313584,
            12.805010319922832,
            25.46579739254163,
            0.0,
            52.83084451646012,
            20.506269859919296,
            32.13276761028664,
            24.82815320270019
        ],
        [
            29.131753656181818,
            3.8008662510645683,
            59.21719990048441,
            56.13455709448262,
            12.956069227172915,
            92.26322555308491,
            72.92673774934131,
            86.125664606891,
            59.83119479713768,
            50.10121614373933,
            77.68242837129789,
            64.02476773824591,
            15.009371065548013,
            34.80480100621317,
            24.60142175728172,
            43.17121507624523,
            76.14308928833745,
            52.83084451646012,
            0.0,
            32.32476060722481,
            23.276377765103717,
            29.131753656181818
        ],
        [
            6.668632465161646,
            30.197948404908512,
            33.14117913919923,
            36.78376451112939,
            31.404392484097784,
            61.24208636119901,
            51.289079061757704,
            57.909271792177094,
            38.34787047984182,
            32.98386339912005,
            55.69379195581198,
            59.348171883858754,
            28.91020974578927,
            4.817483825963635,
            48.93911014364123,
            12.643224273820135,
            44.527004361460335,
            20.506269859919296,
            32.32476060722481,
            0.0,
            13.428167009155922,
            6.668632465161646
        ],
        [
            7.378735090143841,
            20.165971094139035,
            36.071571316798845,
            34.667588316142115,
            27.636641518223747,
            69.26145247385998,
            51.09131989440659,
            62.881777870236746,
            37.75388859057847,
            29.223446592740892,
            55.80412933457851,
            50.73422161160707,
            15.889470016698796,
            17.92256883932314,
            44.81411067382601,
            26.068164824299338,
            57.17856906273677,
            32.13276761028664,
            23.276377765103717,
            13.428167009155922,
            0.0,
            7.378735090143841
        ],
        [
            0.0,
            26.438946829381976,
            31.890076434696127,
            33.139158897680936,
            30.888705359845375,
            63.164818439433276,
            48.69603456302557,
            58.024491585457675,
            35.41738111711603,
            28.57719603163435,
            53.28193610859027,
            53.48826304840422,
            23.261354033646366,
            11.467845112617324,
            48.513064783073794,
            19.05220744786954,
            49.801068680913026,
            24.82815320270019,
            29.131753656181818,
            6.668632465161646,
            7.378735090143841,
            0.0
        ]
    ],
    "scores_ave": [
        0,
        13.984042690726248,
        15.553497563460155,
        11.571094183067348,
        17.609467328122232,
        13.779004441480135,
        19.285296720367707,
        12.34599895684075,
        18.58036840856765,
        12.421469947925003,
        17.985602015458056,
        19.703511027086712,
        18.58067364985949,
        15.89449754387118,
        13.732760989176786,
        11.259111239055573,
        16.082395556541513,
        12.39684976587448,
        19.21201108503289,
        16.409143689515833,
        13.65267197201817,
        0
    ],
    "scores_var": [
        0,
        17.63300807827057,
        383.7464811735705,
        21.124070195232488,
        394.90702105540686,
        384.4327476509552,
        346.8135253079227,
        21.240947415211267,
        259.3950761960775,
        353.84283885385355,
        384.4819211557792,
        245.40997885551846,
        22.198700075351088,
        21.218899480372702,
        246.44797569577702,
        18.556670047207334,
        241.21424813583315,
        21.087019249749652,
        18.75963537266989,
        22.12975213960534,
        19.870479110496696,
        0
    ],
    "vertex_number": 22,
    "minimum_distances": {
        "cost": 377.19849931396755,
        "path": [
            0,
            20,
            4,
            14,
            18,
            1,
            12,
            11,
            9,
            3,
            8,
            6,
            10,
            7,
            5,
            16,
            2,
            17,
            15,
            13,
            19,
            21
        ]
    }
}