{
    "vertices": [
        [
            88.10879483144369,
            15.061831812717852
        ],
        [
            15.425207709291378,
            79.25311313212251
        ],
        [
            74.8496197269564,
            44.21157053469001
        ],
        [
            62.014427630605304,
            40.647079253376006
        ],
        [
            2.4985391591667017,
            61.736669919076434
        ],
        [
            84.12934647258831,
            26.24982730499974
        ],
        [
            84.51013083682588,
            32.96040698752613
        ],
        [
            24.82442844101237,
            77.76494030737769
        ],
        [
            88.54919868713577,
            8.882050829554643
        ],
        [
            45.793548822127065,
            82.0604718968283
        ],
        [
            50.46612307657084,
            90.50446557412411
        ],
        [
            20.937336640680382,
            95.06055727284115
        ],
        [
            96.84911616143441,
            91.68352350162571
        ],
        [
            18.46172731986898,
            81.02072180773646
        ],
        [
            16.796902809711412,
            5.189370265861104
        ],
        [
            24.813554779757084,
            13.644305363704834
        ],
        [
            32.06453874331492,
            18.12432501269754
        ],
        [
            88.10879483144369,
            15.061831812717852
        ]
    ],
    "distances": [
        [
            0.0,
            96.97125571204312,
            32.023631774217904,
            36.544779192271704,
            97.50721198212682,
            11.874647463235135,
            18.256762468587407,
            89.0875459552649,
            6.195453861984132,
            79.24265150756351,
            84.31228692013269,
            104.45956572146775,
            77.11858955026047,
            95.92335055833283,
            71.99202345200035,
            63.3111111451559,
            56.12786745522834,
            0.0
        ],
        [
            96.97125571204312,
            0.0,
            68.98674112648668,
            60.506043208290166,
            21.769808052453065,
            86.77330806001366,
            83.16093581560577,
            9.516302260853355,
            101.48499626112105,
            30.497826236951983,
            36.802971096787516,
            16.740933534847926,
            82.36727487040724,
            3.513529817082542,
            74.0764439940809,
            66.2771206187226,
            63.35294842554189,
            96.97125571204312
        ],
        [
            32.023631774217904,
            68.98674112648668,
            0.0,
            13.320951701916696,
            74.44332050465924,
            20.217258674778844,
            14.829502893520772,
            60.23577331036766,
            37.89265662739599,
            47.71576878503944,
            52.321955621243994,
            74.10906638105376,
            52.32173699205298,
            67.33875576185889,
            69.94891032242299,
            58.63416662180568,
            50.11095223303461,
            32.023631774217904
        ],
        [
            36.544779192271704,
            60.506043208290166,
            13.320951701916696,
            0.0,
            63.14199723632059,
            26.388453896591198,
            23.772706898141582,
            52.54361663367015,
            41.38974638468646,
            44.47680293771223,
            51.17736129197219,
            68.17737157128741,
            61.791376150273415,
            59.38744579003274,
            57.46193242113817,
            45.9679751414143,
            37.47359474279242,
            36.544779192271704
        ],
        [
            97.50721198212682,
            21.769808052453065,
            74.44332050465924,
            63.14199723632059,
            0.0,
            89.0106999262292,
            86.91360352562086,
            27.483645752805906,
            100.9867652927694,
            47.82797077596646,
            55.93277369953852,
            38.08504589639712,
            98.9891176855087,
            25.033937634709364,
            58.32701176259371,
            53.017312744743634,
            52.68951470304889,
            97.50721198212682
        ],
        [
            11.874647463235135,
            86.77330806001366,
            20.217258674778844,
            26.388453896591198,
            89.0106999262292,
            0.0,
            6.721374592119067,
            78.55495000558342,
            17.92134909261756,
            67.70865108132426,
            72.53875618251391,
            93.42455065614786,
            66.65854137985343,
            85.51074254043469,
            70.54927937485893,
            60.64043475734498,
            52.695047123884564,
            11.874647463235135
        ],
        [
            18.256762468587407,
            83.16093581560577,
            14.829502893520772,
            23.772706898141582,
            86.91360352562086,
            6.721374592119067,
            0.0,
            74.63128885723003,
            24.414776353051654,
            62.528314362363766,
            66.86040041009421,
            88.87029215302593,
            60.00545785151064,
            81.68344671814782,
            73.18682757469453,
            62.74386802612022,
            54.50366463278202,
            18.256762468587407
        ],
        [
            89.0875459552649,
            9.516302260853355,
            60.23577331036766,
            52.54361663367015,
            27.483645752805906,
            78.55495000558342,
            74.63128885723003,
            0.0,
            93.83868501708235,
            21.40456963346023,
            28.632010194977553,
            17.727037227924914,
            73.35722595190958,
            7.147312693248966,
            73.01817948026556,
            64.1206358656577,
            60.0784669404733,
            89.0875459552649
        ],
        [
            6.195453861984132,
            101.48499626112105,
            37.89265662739599,
            41.38974638468646,
            100.9867652927694,
            17.92134909261756,
            24.414776353051654,
            93.83868501708235,
            0.0,
            84.75332975923966,
            90.06963548663066,
            109.53583369009654,
            83.21641969433617,
            100.5795282010997,
            71.84725362480413,
            63.91331138766174,
            57.23579684992137,
            6.195453861984132
        ],
        [
            79.24265150756351,
            30.497826236951983,
            47.71576878503944,
            44.47680293771223,
            47.82797077596646,
            67.70865108132426,
            62.528314362363766,
            21.40456963346023,
            84.75332975923966,
            0.0,
            9.650594768484602,
            28.050552646832497,
            51.954538574865055,
            27.35159130432933,
            82.15821167678754,
            71.56068748346374,
            65.39355164030525,
            79.24265150756351
        ],
        [
            84.31228692013269,
            36.802971096787516,
            52.321955621243994,
            51.17736129197219,
            55.93277369953852,
            72.53875618251391,
            66.86040041009421,
            28.632010194977553,
            90.06963548663066,
            9.650594768484602,
            0.0,
            29.878206103170694,
            46.39797651953053,
            33.37997518839839,
            91.71849257830341,
            81.02801051361197,
            74.68268242146767,
            84.31228692013269
        ],
        [
            104.45956572146775,
            16.740933534847926,
            74.10906638105376,
            68.17737157128741,
            38.08504589639712,
            93.42455065614786,
            88.87029215302593,
            17.727037227924914,
            109.53583369009654,
            28.050552646832497,
            29.878206103170694,
            0.0,
            75.98685825259194,
            14.25642386422695,
            89.96651291648583,
            81.50847282334304,
            77.7367253041935,
            104.45956572146775
        ],
        [
            77.11858955026047,
            82.36727487040724,
            52.32173699205298,
            61.791376150273415,
            98.9891176855087,
            66.65854137985343,
            60.00545785151064,
            73.35722595190958,
            83.21641969433617,
            51.954538574865055,
            46.39797651953053,
            75.98685825259194,
            0.0,
            79.10927928733761,
            117.85412765992419,
            106.20377427921949,
            98.02039151920303,
            77.11858955026047
        ],
        [
            95.92335055833283,
            3.513529817082542,
            67.33875576185889,
            59.38744579003274,
            25.033937634709364,
            85.51074254043469,
            81.68344671814782,
            7.147312693248966,
            100.5795282010997,
            27.35159130432933,
            33.37997518839839,
            14.25642386422695,
            79.10927928733761,
            0.0,
            75.84962437162827,
            67.6751594377122,
            64.3505494026338,
            95.92335055833283
        ],
        [
            71.99202345200035,
            74.0764439940809,
            69.94891032242299,
            57.46193242113817,
            58.32701176259371,
            70.54927937485893,
            73.18682757469453,
            73.01817948026556,
            71.84725362480413,
            82.15821167678754,
            91.71849257830341,
            89.96651291648583,
            117.85412765992419,
            75.84962437162827,
            0.0,
            11.651293332398206,
            20.010341359001536,
            71.99202345200035
        ],
        [
            63.3111111451559,
            66.2771206187226,
            58.63416662180568,
            45.9679751414143,
            53.017312744743634,
            60.64043475734498,
            62.74386802612022,
            64.1206358656577,
            63.91331138766174,
            71.56068748346374,
            81.02801051361197,
            81.50847282334304,
            106.20377427921949,
            67.6751594377122,
            11.651293332398206,
            0.0,
            8.52334115796931,
            63.3111111451559
        ],
        [
            56.12786745522834,
            63.35294842554189,
            50.11095223303461,
            37.47359474279242,
            52.68951470304889,
            52.695047123884564,
            54.50366463278202,
            60.0784669404733,
            57.23579684992137,
            65.39355164030525,
            74.68268242146767,
            77.7367253041935,
            98.02039151920303,
            64.3505494026338,
            20.010341359001536,
            8.52334115796931,
            0.0,
            56.12786745522834
        ],
        [
            0.0,
            96.97125571204312,
            32.023631774217904,
            36.544779192271704,
            97.50721198212682,
            11.874647463235135,
            18.256762468587407,
            89.0875459552649,
            6.195453861984132,
            79.24265150756351,
            84.31228692013269,
            104.45956572146775,
            77.11858955026047,
            95.92335055833283,
            71.99202345200035,
            63.3111111451559,
            56.12786745522834,
            0.0
        ]
    ],
    "scores_ave": [
        0,
        12.191659401522399,
        10.619192239604129,
        11.894820801405517,
        13.924173971063773,
        19.247754550539604,
        18.88261335923431,
        12.266139952414846,
        19.924712104809814,
        19.007434340474482,
        12.143606115944676,
        14.387551317442375,
        16.34140995430701,
        11.462715272252131,
        14.704438490678605,
        18.705885968361677,
        13.66579289533489,
        0
    ],
    "scores_var": [
        0,
        17.533288465712555,
        383.40247691329,
        395.4879895376551,
        22.885333853843374,
        24.137143248841543,
        255.5704939173399,
        366.5546539946153,
        19.019509772997583,
        18.097680577254046,
        18.000721442484085,
        243.1416687387539,
        23.031279543084544,
        308.7786921277933,
        286.360868358782,
        363.83155698909883,
        321.35149832428704,
        0
    ],
    "vertex_number": 18,
    "minimum_distances": {
        "cost": 384.2011263378893,
        "path": [
            0,
            5,
            6,
            3,
            2,
            12,
            10,
            9,
            11,
            7,
            13,
            1,
            4,
            14,
            15,
            16,
            8,
            17
        ]
    }
}