{
    "vertices": [
        [
            49.8026568531039,
            20.581417379815658
        ],
        [
            12.072804512783064,
            78.04564369548855
        ],
        [
            30.279345657363642,
            68.76354470266153
        ],
        [
            14.956071568359352,
            95.43845232043252
        ],
        [
            97.15155731135464,
            36.687635336053795
        ],
        [
            11.303492220007715,
            30.977386129972018
        ],
        [
            35.52618866133308,
            67.61830463955334
        ],
        [
            82.72920671017422,
            81.85539344886925
        ],
        [
            32.52204719975609,
            11.903002744158119
        ],
        [
            88.38767146479809,
            21.711790581005065
        ],
        [
            9.562295995076564,
            79.48049029473525
        ],
        [
            49.8026568531039,
            20.581417379815658
        ]
    ],
    "distances": [
        [
            0.0,
            68.74357470834119,
            51.98727799568513,
            82.57033478258222,
            50.01328454979922,
            39.87808726231076,
            49.15573524133188,
            69.56046167760167,
            19.33738220597019,
            38.601568571220284,
            71.33293371382725,
            0.0
        ],
        [
            68.74357470834119,
            0.0,
            20.436132270122584,
            17.630173588983656,
            94.59851496307711,
            47.07454420021101,
            25.6669169906884,
            70.7590373356145,
            69.23164362116022,
            94.85495203007567,
            2.89161508172279,
            68.74357470834119
        ],
        [
            51.98727799568513,
            20.436132270122584,
            0.0,
            30.762857884523125,
            74.16708605028921,
            42.2832921300654,
            5.370375807189949,
            54.05908275260243,
            56.904753246306036,
            74.76927907949741,
            23.324859475099466,
            51.98727799568513
        ],
        [
            82.57033478258222,
            17.630173588983656,
            30.762857884523125,
            0.0,
            101.03344185396688,
            64.56446693272497,
            34.59899325420577,
            69.12088928290098,
            85.36237365369537,
            104.0568138787202,
            16.844861737293606,
            82.57033478258222
        ],
        [
            50.01328454979922,
            94.59851496307711,
            74.16708605028921,
            101.03344185396688,
            0.0,
            86.03776627693037,
            68.95210196080689,
            47.41445528318527,
            69.21886729772798,
            17.35170369902606,
            97.48388140326581,
            50.01328454979922
        ],
        [
            39.87808726231076,
            47.07454420021101,
            42.2832921300654,
            64.56446693272497,
            86.03776627693037,
            0.0,
            43.92375134382736,
            87.69381003909308,
            28.531722292522367,
            77.63904913585694,
            48.53434740378803,
            39.87808726231076
        ],
        [
            49.15573524133188,
            25.6669169906884,
            5.370375807189949,
            34.59899325420577,
            68.95210196080689,
            43.92375134382736,
            0.0,
            49.30334279421195,
            55.796234023598736,
            70.01245887118034,
            28.545317845539785,
            49.15573524133188
        ],
        [
            69.56046167760167,
            70.7590373356145,
            54.05908275260243,
            69.12088928290098,
            47.41445528318527,
            87.69381003909308,
            49.30334279421195,
            0.0,
            86.10514404731651,
            60.40919788663546,
            73.20544370866547,
            69.56046167760167
        ],
        [
            19.33738220597019,
            69.23164362116022,
            56.904753246306036,
            85.36237365369537,
            69.21886729772798,
            28.531722292522367,
            55.796234023598736,
            86.10514404731651,
            0.0,
            56.720192994656905,
            71.37133177284272,
            19.33738220597019
        ],
        [
            38.601568571220284,
            94.85495203007567,
            74.76927907949741,
            104.0568138787202,
            17.35170369902606,
            77.63904913585694,
            70.01245887118034,
            60.40919788663546,
            56.720192994656905,
            0.0,
            97.72749093554846,
            38.601568571220284
        ],
        [
            71.33293371382725,
            2.89161508172279,
            23.324859475099466,
            16.844861737293606,
            97.48388140326581,
            48.53434740378803,
            28.545317845539785,
            73.20544370866547,
            71.37133177284272,
            97.72749093554846,
            0.0,
            71.33293371382725
        ],
        [
            0.0,
            68.74357470834119,
            51.98727799568513,
            82.57033478258222,
            50.01328454979922,
            39.87808726231076,
            49.15573524133188,
            69.56046167760167,
            19.33738220597019,
            38.601568571220284,
            71.33293371382725,
            0.0
        ]
    ],
    "scores_ave": [
        0,
        11.31456843701536,
        12.39292131653335,
        10.272657312076934,
        11.816845563378887,
        19.600602867996976,
        10.04310583512306,
        19.293011379395075,
        15.047390251066117,
        15.173123495392257,
        10.97291289616425,
        0
    ],
    "scores_var": [
        0,
        21.309284981285042,
        22.901936687400344,
        322.2918228586081,
        23.833511826828534,
        21.57388988858183,
        226.36476800394775,
        21.80449618677587,
        21.780955470943542,
        24.13917955230674,
        19.3260553866175,
        0
    ],
    "vertex_number": 12,
    "minimum_distances": {
        "cost": 309.82445757498147,
        "path": [
            0,
            8,
            5,
            6,
            2,
            1,
            10,
            3,
            7,
            4,
            9,
            11
        ]
    }
}