{
    "vertices": [
        [
            73.83978777178217,
            25.72729870538124
        ],
        [
            88.88206383093242,
            82.81497578196097
        ],
        [
            91.80734587822603,
            52.902580799399956
        ],
        [
            2.8256747147100914,
            43.50545839784511
        ],
        [
            25.701710783005748,
            54.26516271504236
        ],
        [
            89.60585796240439,
            3.2375711164625343
        ],
        [
            11.15579245676852,
            2.1712111813198542
        ],
        [
            74.15145445975153,
            47.835178931834434
        ],
        [
            89.17734286232924,
            3.3231974105512263
        ],
        [
            75.21791792568237,
            75.04162596299453
        ],
        [
            73.1600541704046,
            30.393183347329
        ],
        [
            27.67493271035698,
            82.15892460414882
        ],
        [
            95.51408873641948,
            80.33959656964814
        ],
        [
            22.729902627663744,
            66.22993823093599
        ],
        [
            67.62786382605583,
            52.36989615929427
        ],
        [
            97.82173660719381,
            19.884104261259374
        ],
        [
            87.1915788381593,
            6.2334705403008
        ],
        [
            73.83978777178217,
            25.72729870538124
        ]
    ],
    "distances": [
        [
            0.0,
            59.03620027609781,
            32.57804630725929,
            73.20565015989793,
            55.96145225430874,
            27.46555690823322,
            66.96396439947304,
            22.110076983845847,
            27.151139036596057,
            49.33357999975341,
            4.715137035209653,
            72.90899974914517,
            58.7560924527924,
            65.21260743124758,
            27.357192805526324,
            24.68353279528922,
            23.6279423820584,
            0.0
        ],
        [
            59.03620027609781,
            0.0,
            30.05509355581778,
            94.6094089649374,
            69.33144191069917,
            79.58069622239583,
            112.0035268672098,
            37.954934331683994,
            79.49232678916694,
            15.720491427687218,
            54.72865711695626,
            61.21064697549948,
            7.0789304694813255,
            68.19950074914152,
            37.13009414313154,
            63.56266466803984,
            76.600161126392,
            59.03620027609781
        ],
        [
            32.57804630725929,
            30.05509355581778,
            0.0,
            89.47649810135557,
            66.11967650268153,
            49.713778128902824,
            95.28034914199505,
            18.368697925230517,
            49.64909035503144,
            27.664895455221174,
            29.230026713841436,
            70.49042538923943,
            27.686274162364562,
            70.35134413884764,
            24.18534897902086,
            33.56177421919815,
            46.896813940225414,
            32.57804630725929
        ],
        [
            73.20565015989793,
            94.6094089649374,
            89.47649810135557,
            0.0,
            25.28011596475532,
            95.66766930687469,
            42.16528020247681,
            71.45707338074106,
            95.24297711604538,
            78.96307201352886,
            71.54618571536857,
            45.95188867387372,
            99.73913890103168,
            30.20894358456378,
            65.40567231096415,
            97.8888152258806,
            92.23235255277811,
            73.20565015989793
        ],
        [
            55.96145225430874,
            69.33144191069917,
            66.11967650268153,
            25.28011596475532,
            0.0,
            81.77747324953063,
            54.0866298298516,
            48.87455732581815,
            81.38943234200383,
            53.69838167850095,
            53.124060048238,
            27.96346825951223,
            74.52277649382435,
            12.328320926139329,
            41.96896882586698,
            79.89590293177739,
            78.02594008795616,
            55.96145225430874
        ],
        [
            27.46555690823322,
            79.58069622239583,
            49.713778128902824,
            95.66766930687469,
            81.77747324953063,
            0.0,
            78.45731260596322,
            47.19941959893712,
            0.4369863307150181,
            73.23138064316474,
            31.747310720723082,
            100.31958701521361,
            77.3280642448956,
            91.87182221235639,
            53.82394996998866,
            18.5636130008877,
            3.8476170609248608,
            27.46555690823322
        ],
        [
            66.96396439947304,
            112.0035268672098,
            95.28034914199505,
            42.16528020247681,
            54.0866298298516,
            78.45731260596322,
            0.0,
            77.80521436198292,
            78.03005446595428,
            97.02604428733645,
            68.1249453841401,
            81.67567748926446,
            115.00703728652255,
            65.09593334045717,
            75.55794344908941,
            88.4575178079625,
            76.14422342985789,
            66.96396439947304
        ],
        [
            22.110076983845847,
            37.954934331683994,
            18.368697925230517,
            71.45707338074106,
            48.87455732581815,
            47.19941959893712,
            77.80521436198292,
            0.0,
            46.97971712598722,
            27.227341118505958,
            17.47014838241577,
            57.77704207468279,
            38.89600634013835,
            54.61266485433552,
            7.944865957904095,
            36.62710515696794,
            43.59755709782997,
            22.110076983845847
        ],
        [
            27.151139036596057,
            79.49232678916694,
            49.64909035503144,
            95.24297711604538,
            81.38943234200383,
            0.4369863307150181,
            78.03005446595428,
            46.97971712598722,
            0.0,
            73.06434519376597,
            31.45373865946309,
            99.98809097409932,
            77.27664645742685,
            91.50147733442616,
            53.57199552830509,
            18.681252070835235,
            3.523201448885654,
            27.151139036596057
        ],
        [
            49.33357999975341,
            15.720491427687218,
            27.664895455221174,
            78.96307201352886,
            53.69838167850095,
            73.23138064316474,
            97.02604428733645,
            27.227341118505958,
            73.06434519376597,
            0.0,
            44.69584131929573,
            48.072771743805504,
            20.976249477148738,
            53.22252897610512,
            23.908497517143317,
            59.60943565631225,
            69.84218501966097,
            49.33357999975341
        ],
        [
            4.715137035209653,
            54.72865711695626,
            29.230026713841436,
            71.54618571536857,
            53.124060048238,
            31.747310720723082,
            68.1249453841401,
            17.47014838241577,
            31.45373865946309,
            44.69584131929573,
            0.0,
            68.91000103107895,
            54.72062732784817,
            61.86657567064414,
            22.662326359526823,
            26.8074490366074,
            27.938779633689997,
            4.715137035209653
        ],
        [
            72.90899974914517,
            61.21064697549948,
            70.49042538923943,
            45.95188867387372,
            27.96346825951223,
            100.31958701521361,
            81.67567748926446,
            57.77704207468279,
            99.98809097409932,
            48.072771743805504,
            68.91000103107895,
            0.0,
            67.86354724611418,
            16.678906720667914,
            49.83596011339734,
            93.80153168088695,
            96.4723055653981,
            72.90899974914517
        ],
        [
            58.7560924527924,
            7.0789304694813255,
            27.686274162364562,
            99.73913890103168,
            74.52277649382435,
            77.3280642448956,
            115.00703728652255,
            38.89600634013835,
            77.27664645742685,
            20.976249477148738,
            54.72062732784817,
            67.86354724611418,
            0.0,
            74.13919480240651,
            39.496147670327744,
            60.49951891498925,
            74.57199263855131,
            58.7560924527924
        ],
        [
            65.21260743124758,
            68.19950074914152,
            70.35134413884764,
            30.20894358456378,
            12.328320926139329,
            91.87182221235639,
            65.09593334045717,
            54.61266485433552,
            91.50147733442616,
            53.22252897610512,
            61.86657567064414,
            16.678906720667914,
            74.13919480240651,
            0.0,
            46.988591019523014,
            88.24239262822681,
            88.06181825978953,
            65.21260743124758
        ],
        [
            27.357192805526324,
            37.13009414313154,
            24.18534897902086,
            65.40567231096415,
            41.96896882586698,
            53.82394996998866,
            75.55794344908941,
            7.944865957904095,
            53.57199552830509,
            23.908497517143317,
            22.662326359526823,
            49.83596011339734,
            39.496147670327744,
            46.988591019523014,
            0.0,
            44.35083571665786,
            50.11295954113786,
            27.357192805526324
        ],
        [
            24.68353279528922,
            63.56266466803984,
            33.56177421919815,
            97.8888152258806,
            79.89590293177739,
            18.5636130008877,
            88.4575178079625,
            36.62710515696794,
            18.681252070835235,
            59.60943565631225,
            26.8074490366074,
            93.80153168088695,
            60.49951891498925,
            88.24239262822681,
            44.35083571665786,
            0.0,
            17.301446620971788,
            24.68353279528922
        ],
        [
            23.6279423820584,
            76.600161126392,
            46.896813940225414,
            92.23235255277811,
            78.02594008795616,
            3.8476170609248608,
            76.14422342985789,
            43.59755709782997,
            3.523201448885654,
            69.84218501966097,
            27.938779633689997,
            96.4723055653981,
            74.57199263855131,
            88.06181825978953,
            50.11295954113786,
            17.301446620971788,
            0.0,
            23.6279423820584
        ],
        [
            0.0,
            59.03620027609781,
            32.57804630725929,
            73.20565015989793,
            55.96145225430874,
            27.46555690823322,
            66.96396439947304,
            22.110076983845847,
            27.151139036596057,
            49.33357999975341,
            4.715137035209653,
            72.90899974914517,
            58.7560924527924,
            65.21260743124758,
            27.357192805526324,
            24.68353279528922,
            23.6279423820584,
            0.0
        ]
    ],
    "scores_ave": [
        0,
        18.46495692180092,
        11.022034778671827,
        15.288015952221224,
        11.200144740556706,
        12.249292911683826,
        13.794951779528365,
        19.123454667284427,
        18.336405701141985,
        18.52810214734468,
        15.161521641723294,
        17.509269171254882,
        18.168996538073657,
        16.31171080494417,
        19.376288573014833,
        13.910196946690117,
        16.305010114014777,
        0
    ],
    "scores_var": [
        0,
        263.79298873540705,
        24.58863585519576,
        20.020306223391565,
        294.15894622904233,
        21.823306810330642,
        19.104632798091167,
        23.143103007247927,
        330.0971687936165,
        20.89337015705625,
        328.601176637347,
        314.5598321697273,
        303.72263933889974,
        19.94759118763759,
        18.41351722922604,
        24.65272584639858,
        264.4052329633712,
        0
    ],
    "vertex_number": 18,
    "minimum_distances": {
        "cost": 372.0536759008845,
        "path": [
            0,
            15,
            5,
            8,
            16,
            6,
            3,
            4,
            13,
            11,
            9,
            1,
            12,
            2,
            7,
            14,
            10,
            17
        ]
    }
}