{
    "vertices": [
        [
            12.24096501554348,
            24.749057802141206
        ],
        [
            4.585211121683108,
            98.23802517870689
        ],
        [
            85.78508994667563,
            59.020551564897275
        ],
        [
            76.03439333211438,
            83.22642459020555
        ],
        [
            32.15599967958966,
            88.23725488488738
        ],
        [
            91.03100140506741,
            34.625294989189385
        ],
        [
            78.60644875082612,
            59.752069277696606
        ],
        [
            15.212446203716013,
            63.38346695637822
        ],
        [
            16.445763827128935,
            50.869347855588444
        ],
        [
            92.45913642019497,
            48.02531407498881
        ],
        [
            26.948412277800728,
            82.96169817775517
        ],
        [
            25.197678103329835,
            51.57778098264571
        ],
        [
            82.36260667662589,
            37.85241480257565
        ],
        [
            75.71202744886544,
            85.62591473831337
        ],
        [
            19.48239625680117,
            27.655344040287176
        ],
        [
            40.309560100365374,
            23.284178282892608
        ],
        [
            60.01336501245294,
            14.88530510284194
        ],
        [
            42.24378990044196,
            51.462869919144
        ],
        [
            12.049796002612545,
            54.73186299014367
        ],
        [
            9.188662862339836,
            62.34361676321887
        ],
        [
            29.153083413638704,
            69.01441356921603
        ],
        [
            3.219489671015674,
            16.39343999223456
        ],
        [
            72.53934044824204,
            78.33555301947047
        ],
        [
            60.81963334142032,
            50.23118358596508
        ],
        [
            12.24096501554348,
            24.749057802141206
        ]
    ],
    "distances": [
        [
            0.0,
            73.88666248895868,
            81.13737484425165,
            86.5401867507072,
            66.53840826536039,
            79.40661115573022,
            75.0305820567582,
            38.748513147586145,
            26.456566019083525,
            83.52687668999316,
            60.04182296093814,
            29.79356980181049,
            71.33542313553683,
            87.94638978856283,
            7.802872940135546,
            28.10679458852613,
            48.78007604317206,
            40.17209552533212,
            29.983414624308757,
            37.718263638619376,
            47.386089413422745,
            12.296477803710793,
            80.6684978755618,
            54.85641029796036,
            0.0
        ],
        [
            73.88666248895868,
            0.0,
            90.17444514851934,
            73.00913498164529,
            29.328549029478662,
            107.32871982784111,
            83.42848687207845,
            36.43869309350282,
            48.8309768673572,
            101.20841419444282,
            27.082816186449058,
            51.01031448153929,
            98.46697517344566,
            72.23634355780625,
            72.13765314756097,
            83.03197139916554,
            100.09973120735322,
            60.05067614267304,
            44.141886862957826,
            36.188400398835164,
            38.1785256977821,
            81.8559791305836,
            70.80870067004392,
            73.93894158086306,
            73.88666248895868
        ],
        [
            81.13737484425165,
            90.17444514851934,
            0.0,
            26.09598385550089,
            61.07122952555954,
            24.952918274700966,
            7.2158164876115585,
            70.70737638736087,
            69.81679073563535,
            12.862275995724259,
            63.5211235751497,
            61.04284812994253,
            21.443026972004734,
            28.44840835045355,
            73.34727966049714,
            57.836944854940526,
            51.108725148956744,
            44.19234505629571,
            73.85991079542816,
            76.66847725368142,
            57.50705558207012,
            92.92012155560438,
            23.420485925048993,
            26.467470845888627,
            81.13737484425165
        ],
        [
            86.5401867507072,
            73.00913498164529,
            26.09598385550089,
            0.0,
            44.16358058137975,
            50.86224584294848,
            23.61484334936062,
            63.976966324979436,
            67.80697000377116,
            38.84443804476973,
            49.0866948993094,
            59.88328863256319,
            45.813175488516265,
            2.421047858583001,
            79.28602251779157,
            69.78063199629858,
            70.19388834653273,
            46.3759451183269,
            70.04262085472112,
            70.0317309851513,
            48.98814629002503,
            98.83652171868307,
            6.011324261964996,
            36.33421047033136,
            86.5401867507072
        ],
        [
            66.53840826536039,
            29.328549029478662,
            61.07122952555954,
            44.16358058137975,
            0.0,
            79.6273073262743,
            54.488989878650166,
            30.07980682758946,
            40.53605785335164,
            72.48081459569096,
            7.412858093707075,
            37.31400897716273,
            71.12900601213947,
            43.63423715844053,
            61.89336107613808,
            65.46283455213225,
            78.46363068400754,
            38.13291099757028,
            39.0751930554469,
            34.61183404058393,
            19.455979398318508,
            77.45227788648998,
            41.57953717237245,
            47.60320735284963,
            66.53840826536039
        ],
        [
            79.40661115573022,
            107.32871982784111,
            24.952918274700966,
            50.86224584294848,
            79.6273073262743,
            0.0,
            28.030774067149874,
            81.08936901786063,
            76.33365521238906,
            13.475907432199968,
            80.26821352479243,
            67.98097703261874,
            9.249614557267945,
            53.25161197433867,
            71.8872945303453,
            51.973892832576794,
            36.766302072652636,
            51.61100595724612,
            81.50033670851774,
            86.40875962604179,
            70.79186543427932,
            89.68423568080118,
            47.46080679904137,
            34.00397799040767,
            79.40661115573022
        ],
        [
            75.0305820567582,
            83.42848687207845,
            7.2158164876115585,
            23.61484334936062,
            54.488989878650166,
            28.030774067149874,
            0.0,
            63.49792601371904,
            62.7921451301509,
            18.149758765595703,
            56.632496024163146,
            54.030692862552364,
            22.219441678251812,
            26.035236768524353,
            67.27446286877341,
            52.88249950517369,
            48.56675087366026,
            37.295492819846885,
            66.74571518993463,
            69.46614366746898,
            50.31328219216047,
            86.966455215877,
            19.548802294157515,
            20.174688764967197,
            75.0305820567582
        ],
        [
            38.748513147586145,
            36.43869309350282,
            70.70737638736087,
            63.976966324979436,
            30.07980682758946,
            81.08936901786063,
            63.49792601371904,
            0.0,
            12.574746487662184,
            78.758644029267,
            22.826301440438534,
            15.462182168098071,
            71.83995180690015,
            64.45871402820994,
            35.98237402622501,
            47.30558189115659,
            66.02419275749489,
            29.543090152769107,
            9.211547507509541,
            6.112876096245914,
            15.034923530743704,
            48.496326051425676,
            59.24472703423646,
            47.465756882928005,
            38.748513147586145
        ],
        [
            26.456566019083525,
            48.8309768673572,
            69.81679073563535,
            67.80697000377116,
            40.53605785335164,
            76.33365521238906,
            62.7921451301509,
            12.574746487662184,
            0.0,
            76.06655862543984,
            33.76721151767011,
            8.780539903302147,
            67.18981111263743,
            68.70596004099279,
            23.411772885660728,
            36.474955146304396,
            56.50652356918565,
            25.804852600223583,
            5.8517994052130256,
            13.576610820737153,
            22.152186818135096,
            36.9259062320092,
            62.45703934908496,
            44.378458167295335,
            26.456566019083525
        ],
        [
            83.52687668999316,
            101.20841419444282,
            12.862275995724259,
            38.84443804476973,
            72.48081459569096,
            13.475907432199968,
            18.149758765595703,
            78.758644029267,
            76.06655862543984,
            0.0,
            74.24423150546379,
            67.35520615395207,
            14.332752438713205,
            41.16152121994994,
            75.76635324529046,
            57.720898387158485,
            46.37874811718645,
            50.33287013752102,
            80.68853589415302,
            84.49251776590177,
            66.69481722628439,
            94.67993456855325,
            36.26994425741242,
            31.716305197346756,
            83.52687668999316
        ],
        [
            60.04182296093814,
            27.082816186449058,
            63.5211235751497,
            49.0866948993094,
            7.412858093707075,
            80.26821352479243,
            56.632496024163146,
            22.826301440438534,
            33.76721151767011,
            74.24423150546379,
            0.0,
            31.43271112486397,
            71.45334413092947,
            48.83634112454828,
            55.80801199832193,
            61.15493971821197,
            75.68147985759052,
            35.01606428890425,
            31.920093383870455,
            27.212386527396134,
            14.120457597712257,
            70.67103201406448,
            45.82503628441401,
            47.10144585661858,
            60.04182296093814
        ],
        [
            29.79356980181049,
            51.01031448153929,
            61.04284812994253,
            59.88328863256319,
            37.31400897716273,
            67.98097703261874,
            54.030692862552364,
            15.462182168098071,
            8.780539903302147,
            67.35520615395207,
            31.43271112486397,
            0.0,
            58.78958016151375,
            60.91777164380399,
            24.595679210917933,
            32.07642329225319,
            50.58131909256685,
            17.04649911131785,
            13.520911102598982,
            19.292272780585478,
            17.87963610166229,
            41.48467931292027,
            54.38024786587828,
            35.64739849600906,
            29.79356980181049
        ],
        [
            71.33542313553683,
            98.46697517344566,
            21.443026972004734,
            45.813175488516265,
            71.12900601213947,
            9.249614557267945,
            22.219441678251812,
            71.83995180690015,
            67.18981111263743,
            14.332752438713205,
            71.45334413092947,
            58.78958016151375,
            0.0,
            48.23419430419307,
            63.701657078702056,
            44.504968729778504,
            32.0464776679623,
            42.36465446573521,
            72.31049105072125,
            77.16375461843018,
            61.66298349096053,
            82.0007351752078,
            41.6579048834902,
            24.846199240809337,
            71.33542313553683
        ],
        [
            87.94638978856283,
            72.23634355780625,
            28.44840835045355,
            2.421047858583001,
            43.63423715844053,
            53.25161197433867,
            26.035236768524353,
            64.45871402820994,
            68.70596004099279,
            41.16152121994994,
            48.83634112454828,
            60.91777164380399,
            48.23419430419307,
            0.0,
            80.76111992196753,
            71.69258538118675,
            72.46158881704555,
            47.825062006381955,
            70.76243456902016,
            70.47995058818428,
            49.433563909213525,
            100.24122701233965,
            7.9508060469045985,
            38.40013535911665,
            87.94638978856283
        ],
        [
            7.802872940135546,
            72.13765314756097,
            73.34727966049714,
            79.28602251779157,
            61.89336107613808,
            71.8872945303453,
            67.27446286877341,
            35.98237402622501,
            23.411772885660728,
            75.76635324529046,
            55.80801199832193,
            24.595679210917933,
            63.701657078702056,
            80.76111992196753,
            0.0,
            21.28092676189848,
            42.49509763179145,
            32.937506418568006,
            28.078130724471357,
            36.18338308805211,
            42.47463740144457,
            19.781623123634958,
            73.3724942271105,
            47.1002728334158,
            7.802872940135546
        ],
        [
            28.10679458852613,
            83.03197139916554,
            57.836944854940526,
            69.78063199629858,
            65.46283455213225,
            51.973892832576794,
            52.88249950517369,
            47.30558189115659,
            36.474955146304396,
            57.720898387158485,
            61.15493971821197,
            32.07642329225319,
            44.504968729778504,
            71.69258538118675,
            21.28092676189848,
            0.0,
            21.419173623372597,
            28.244997915568135,
            42.27967762776003,
            49.94146553013976,
            47.071449854492215,
            37.72473457354554,
            63.791947780730915,
            33.86449762150996,
            28.10679458852613
        ],
        [
            48.78007604317206,
            100.09973120735322,
            51.108725148956744,
            70.19388834653273,
            78.46363068400754,
            36.766302072652636,
            48.56675087366026,
            66.02419275749489,
            56.50652356918565,
            46.37874811718645,
            75.68147985759052,
            50.58131909256685,
            32.0464776679623,
            72.46158881704555,
            42.49509763179145,
            21.419173623372597,
            0.0,
            40.66541586596869,
            62.35585078906236,
            69.53734028779918,
            62.30824474917107,
            56.81389572229068,
            64.6748329823867,
            35.355073106444046,
            48.78007604317206
        ],
        [
            40.17209552533212,
            60.05067614267304,
            44.19234505629571,
            46.3759451183269,
            38.13291099757028,
            51.61100595724612,
            37.295492819846885,
            29.543090152769107,
            25.804852600223583,
            50.33287013752102,
            35.01606428890425,
            17.04649911131785,
            42.36465446573521,
            47.825062006381955,
            32.937506418568006,
            28.244997915568135,
            40.66541586596869,
            0.0,
            30.37043929877215,
            34.79988614047345,
            21.895736590122215,
            52.46676018008747,
            40.496437868099974,
            18.616632637700047,
            40.17209552533212
        ],
        [
            29.983414624308757,
            44.141886862957826,
            73.85991079542816,
            70.04262085472112,
            39.0751930554469,
            81.50033670851774,
            66.74571518993463,
            9.211547507509541,
            5.8517994052130256,
            80.68853589415302,
            31.920093383870455,
            13.520911102598982,
            72.31049105072125,
            70.76243456902016,
            28.078130724471357,
            42.27967762776003,
            62.35585078906236,
            30.37043929877215,
            0.0,
            8.131720503576801,
            22.282587177164284,
            39.34220364794587,
            64.93164998858667,
            48.97706758425791,
            29.983414624308757
        ],
        [
            37.718263638619376,
            36.188400398835164,
            76.66847725368142,
            70.0317309851513,
            34.61183404058393,
            86.40875962604179,
            69.46614366746898,
            6.112876096245914,
            13.576610820737153,
            84.49251776590177,
            27.212386527396134,
            19.292272780585478,
            77.16375461843018,
            70.47995058818428,
            36.18338308805211,
            49.94146553013976,
            69.53734028779918,
            34.79988614047345,
            8.131720503576801,
            0.0,
            21.04940896975558,
            46.336268450024434,
            65.33797039866593,
            53.03270830426369,
            37.718263638619376
        ],
        [
            47.386089413422745,
            38.1785256977821,
            57.50705558207012,
            48.98814629002503,
            19.455979398318508,
            70.79186543427932,
            50.31328219216047,
            15.034923530743704,
            22.152186818135096,
            66.69481722628439,
            14.120457597712257,
            17.87963610166229,
            61.66298349096053,
            49.433563909213525,
            42.47463740144457,
            47.071449854492215,
            62.30824474917107,
            21.895736590122215,
            22.282587177164284,
            21.04940896975558,
            0.0,
            58.66445384214191,
            44.37624296990178,
            36.81820355384526,
            47.386089413422745
        ],
        [
            12.296477803710793,
            81.8559791305836,
            92.92012155560438,
            98.83652171868307,
            77.45227788648998,
            89.68423568080118,
            86.966455215877,
            48.496326051425676,
            36.9259062320092,
            94.67993456855325,
            70.67103201406448,
            41.48467931292027,
            82.0007351752078,
            100.24122701233965,
            19.781623123634958,
            37.72473457354554,
            56.81389572229068,
            52.46676018008747,
            39.34220364794587,
            46.336268450024434,
            58.66445384214191,
            0.0,
            92.96271875357239,
            66.8039627744216,
            12.296477803710793
        ],
        [
            80.6684978755618,
            70.80870067004392,
            23.420485925048993,
            6.011324261964996,
            41.57953717237245,
            47.46080679904137,
            19.548802294157515,
            59.24472703423646,
            62.45703934908496,
            36.26994425741242,
            45.82503628441401,
            54.38024786587828,
            41.6579048834902,
            7.9508060469045985,
            73.3724942271105,
            63.791947780730915,
            64.6748329823867,
            40.496437868099974,
            64.93164998858667,
            65.33797039866593,
            44.37624296990178,
            92.96271875357239,
            0.0,
            30.450075795055742,
            80.6684978755618
        ],
        [
            54.85641029796036,
            73.93894158086306,
            26.467470845888627,
            36.33421047033136,
            47.60320735284963,
            34.00397799040767,
            20.174688764967197,
            47.465756882928005,
            44.378458167295335,
            31.716305197346756,
            47.10144585661858,
            35.64739849600906,
            24.846199240809337,
            38.40013535911665,
            47.1002728334158,
            33.86449762150996,
            35.355073106444046,
            18.616632637700047,
            48.97706758425791,
            53.03270830426369,
            36.81820355384526,
            66.8039627744216,
            30.450075795055742,
            0.0,
            54.85641029796036
        ],
        [
            0.0,
            73.88666248895868,
            81.13737484425165,
            86.5401867507072,
            66.53840826536039,
            79.40661115573022,
            75.0305820567582,
            38.748513147586145,
            26.456566019083525,
            83.52687668999316,
            60.04182296093814,
            29.79356980181049,
            71.33542313553683,
            87.94638978856283,
            7.802872940135546,
            28.10679458852613,
            48.78007604317206,
            40.17209552533212,
            29.983414624308757,
            37.718263638619376,
            47.386089413422745,
            12.296477803710793,
            80.6684978755618,
            54.85641029796036,
            0.0
        ]
    ],
    "scores_ave": [
        0,
        19.87500600570919,
        11.22670477497268,
        10.543982524920088,
        12.488871557511995,
        14.4659365525184,
        10.010811125006498,
        10.780296963955948,
        12.034195771440354,
        14.603711321266236,
        12.681687874387228,
        12.145682249048715,
        17.70967673158289,
        16.21042613837986,
        11.574767894360956,
        19.830771168122308,
        12.676492503479723,
        14.483874832221554,
        18.011555966722803,
        13.915062188508257,
        18.088015778342285,
        11.755562118430023,
        12.77841724500006,
        12.302136386358082,
        0
    ],
    "scores_var": [
        0,
        22.541183422395854,
        265.60710361391125,
        314.5563356375364,
        20.82695944664743,
        16.49525690525243,
        24.32654143333123,
        266.216314909194,
        17.681643914553387,
        336.0045520115001,
        360.02969561218185,
        16.771029597506526,
        374.7791557960936,
        19.481755754712978,
        358.4522469586968,
        383.51178213770834,
        243.61904326280109,
        322.30152704421914,
        20.360241672392448,
        22.511409798685136,
        368.5131317346596,
        20.273124894215616,
        311.30052661098324,
        20.5664002081462,
        0
    ],
    "vertex_number": 25,
    "minimum_distances": {
        "cost": 399.81566629291336,
        "path": [
            0,
            21,
            15,
            16,
            12,
            5,
            9,
            2,
            6,
            3,
            13,
            22,
            23,
            17,
            20,
            10,
            4,
            1,
            7,
            19,
            18,
            8,
            11,
            14,
            24
        ]
    }
}