{
    "vertices": [
        [
            53.774673276341524,
            92.38632067883937
        ],
        [
            27.509701645991502,
            93.54286932329794
        ],
        [
            11.80679214033863,
            76.20561946511586
        ],
        [
            61.91020122050935,
            95.54507779501888
        ],
        [
            8.82328996331021,
            29.968094898240217
        ],
        [
            0.9959731475408851,
            93.64253555248793
        ],
        [
            83.74434327194885,
            53.71980964187021
        ],
        [
            7.227602175552262,
            76.52589571947132
        ],
        [
            68.5317854469644,
            19.354182135496632
        ],
        [
            94.3949336883953,
            99.36173588322706
        ],
        [
            17.988726708325544,
            43.12065710556281
        ],
        [
            87.03709264192803,
            61.71907905977668
        ],
        [
            12.227320345500715,
            49.75853936178956
        ],
        [
            43.546461128068955,
            78.06544810184847
        ],
        [
            52.83574511154712,
            61.19028967470147
        ],
        [
            44.368850499842814,
            58.079251405875866
        ],
        [
            26.435661124280905,
            55.82921011751822
        ],
        [
            93.18282580278776,
            73.30450098541766
        ],
        [
            66.2084937898212,
            9.857706745121986
        ],
        [
            29.118401160565234,
            12.909153673610485
        ],
        [
            17.575583628181313,
            98.92012489596269
        ],
        [
            49.45731558630009,
            81.15947587076447
        ],
        [
            53.774673276341524,
            92.38632067883937
        ]
    ],
    "distances": [
        [
            0.0,
            26.290422961795244,
            44.979085571112506,
            8.72723102990578,
            76.91983990722369,
            52.79364794267049,
            48.9211630628061,
            49.17502321253825,
            74.50815807567889,
            41.21482710404917,
            60.89121101673182,
            45.24232808525789,
            59.52571104635431,
            17.598400924984073,
            31.210157585468508,
            35.57308679609936,
            45.64913929137302,
            43.78490982473194,
            83.46000245855495,
            83.21389204828873,
            36.78402763297187,
            12.028367377510477,
            0.0
        ],
        [
            26.290422961795244,
            0.0,
            23.391485621647842,
            34.458717470919225,
            66.26412245530473,
            26.51391582257878,
            68.90726377669056,
            26.47528941413339,
            84.774835098769,
            67.13786914557582,
            51.313238532507185,
            67.500103003771,
            46.3747639173703,
            22.287400529271583,
            41.08646842377659,
            39.26702300747048,
            37.72894980955565,
            68.72081773010048,
            92.19979907313831,
            80.64976139830074,
            11.296086857205692,
            25.20012283845213,
            26.290422961795244
        ],
        [
            44.979085571112506,
            23.391485621647842,
            0.0,
            53.706296185354184,
            46.33368065794862,
            20.516331298092535,
            75.36990716605803,
            4.590376630811914,
            80.31071405535106,
            85.77299605313412,
            33.65755560547904,
            76.61238781342719,
            26.45042324733377,
            31.794111876394677,
            43.69021756215622,
            37.267316292252545,
            25.083896540414383,
            81.42773079894404,
            85.79971249753252,
            65.62114284713732,
            23.435607783844144,
            37.97502612300194,
            44.979085571112506
        ],
        [
            8.72723102990578,
            34.458717470919225,
            53.706296185354184,
            0.0,
            84.37156412366751,
            60.94393200893945,
            47.18138208239805,
            57.89573322045737,
            76.47808809762601,
            32.708175162677726,
            68.39163551158491,
            42.137380826771505,
            67.56327222491436,
            25.35279874871939,
            35.53304406415787,
            41.368915046527796,
            53.2521655936701,
            38.3747352445316,
            85.79510986329063,
            88.90443243489335,
            44.462897566302985,
            19.026820631461465,
            8.72723102990578
        ],
        [
            76.91983990722369,
            66.26412245530473,
            46.33368065794862,
            84.37156412366751,
            0.0,
            64.1537316230766,
            78.59585346657065,
            46.58513750999805,
            60.64453460169915,
            110.17251753030853,
            16.03106744244961,
            84.41281848555883,
            20.08106359005187,
            59.32161495550992,
            53.962224331793905,
            45.318031665696715,
            31.28886220840516,
            94.83973523584325,
            60.8069842195721,
            26.512242723208427,
            69.50528818156904,
            65.35810220778994,
            76.91983990722369
        ],
        [
            52.79364794267049,
            26.51391582257878,
            20.516331298092535,
            60.94393200893945,
            64.1537316230766,
            0.0,
            91.87555062354903,
            18.215722865589626,
            100.39843323653396,
            93.57390171695957,
            53.303038144025486,
            91.7724431313095,
            45.29843575164985,
            45.3121361317907,
            61.159710756285264,
            56.08880163731878,
            45.5743930821335,
            94.40366228347045,
            106.1723616898459,
            85.49122707593096,
            17.39932277326104,
            50.04326618021803,
            52.79364794267049
        ],
        [
            48.9211630628061,
            68.90726377669056,
            75.36990716605803,
            47.18138208239805,
            78.59585346657065,
            91.87555062354903,
            0.0,
            79.84315393439776,
            37.58215360360972,
            46.86811823873837,
            66.60437781520193,
            8.650462972220161,
            71.62664469660685,
            46.995530009536346,
            31.798577203424053,
            39.61608465686547,
            57.347490092148746,
            21.740402192852226,
            47.23759189019657,
            68.18726561547902,
            80.13347148267087,
            43.915094788347716,
            48.9211630628061
        ],
        [
            49.17502321253825,
            26.47528941413339,
            4.590376630811914,
            57.89573322045737,
            46.58513750999805,
            18.215722865589626,
            79.84315393439776,
            0.0,
            83.82605633514514,
            90.10893007385272,
            35.09575142466705,
            81.17140252635983,
            27.230287331536534,
            36.35147503404621,
            48.11739305937635,
            41.46988079942984,
            28.236542342927315,
            86.01556750286922,
            89.01344278665833,
            67.27775968871023,
            24.669459267547232,
            42.48315854279614,
            49.17502321253825
        ],
        [
            74.50815807567889,
            84.774835098769,
            80.31071405535106,
            76.47808809762601,
            60.64453460169915,
            100.39843323653396,
            37.58215360360972,
            83.82605633514514,
            0.0,
            84.08395265241877,
            55.852001926164476,
            46.230194524626924,
            63.98920009428133,
            63.80657632793106,
            44.683616418581856,
            45.645135723913675,
            55.700191644913424,
            59.31534957017936,
            9.776539723447273,
            39.936865835740036,
            94.48425133935451,
            64.68175735219421,
            74.50815807567889
        ],
        [
            41.21482710404917,
            67.13786914557582,
            85.77299605313412,
            32.708175162677726,
            110.17251753030853,
            93.57390171695957,
            46.86811823873837,
            90.10893007385272,
            84.08395265241877,
            0.0,
            94.87342835144462,
            38.35501841471509,
            95.97913204239647,
            55.128024043906706,
            56.42894169498831,
            64.86025380624652,
            80.70652716469527,
            26.08541155600133,
            93.83734132055687,
            108.32854965136092,
            76.82061939308855,
            48.4841395742056,
            41.21482710404917
        ],
        [
            60.89121101673182,
            51.313238532507185,
            33.65755560547904,
            68.39163551158491,
            16.03106744244961,
            53.303038144025486,
            66.60437781520193,
            35.09575142466705,
            55.852001926164476,
            94.87342835144462,
            0.0,
            71.50928707019571,
            8.789498513858927,
            43.293604682957785,
            39.253360528471184,
            30.326069225950363,
            15.259686126691205,
            81.02602649760912,
            58.57960228675885,
            32.1963444047877,
            55.80099723926575,
            49.36824707261582,
            60.89121101673182
        ],
        [
            45.24232808525789,
            67.500103003771,
            76.61238781342719,
            42.137380826771505,
            84.41281848555883,
            91.7724431313095,
            8.650462972220161,
            81.17140252635983,
            46.230194524626924,
            38.35501841471509,
            71.50928707019571,
            0.0,
            75.75986101432888,
            46.46115377747172,
            34.20543511063205,
            42.82320904422878,
            60.88697773863517,
            13.114573469221702,
            55.88767725090405,
            75.74287847128863,
            78.7960598365986,
            42.310384915755186,
            45.24232808525789
        ],
        [
            59.52571104635431,
            46.3747639173703,
            26.45042324733377,
            67.56327222491436,
            20.08106359005187,
            45.29843575164985,
            71.62664469660685,
            27.230287331536534,
            63.98920009428133,
            95.97913204239647,
            8.789498513858927,
            75.75986101432888,
            0.0,
            42.21575134681785,
            42.186835354129286,
            33.20108747591087,
            15.45088965433406,
            84.31017834535875,
            67.12707002342002,
            40.53622869356765,
            49.45164721598958,
            48.70412055740887,
            59.52571104635431
        ],
        [
            17.598400924984073,
            22.287400529271583,
            31.794111876394677,
            25.35279874871939,
            59.32161495550992,
            45.3121361317907,
            46.995530009536346,
            36.35147503404621,
            63.80657632793106,
            55.128024043906706,
            43.293604682957785,
            46.46115377747172,
            42.21575134681785,
            0.0,
            19.262963657418204,
            20.00310932452535,
            28.05761494613191,
            49.86416865412602,
            71.87394315987139,
            66.73463582012806,
            33.3077171583574,
            6.6716720738668025,
            17.598400924984073
        ],
        [
            31.210157585468508,
            41.08646842377659,
            43.69021756215622,
            35.53304406415787,
            53.962224331793905,
            61.159710756285264,
            31.798577203424053,
            48.11739305937635,
            44.683616418581856,
            56.42894169498831,
            39.253360528471184,
            34.20543511063205,
            42.186835354129286,
            19.262963657418204,
            0.0,
            9.020358278682991,
            26.93892367102216,
            42.12648853139991,
            53.04587144570665,
            53.7920114668063,
            51.6412572819113,
            20.2529549298391,
            31.210157585468508
        ],
        [
            35.57308679609936,
            39.26702300747048,
            37.267316292252545,
            41.368915046527796,
            45.318031665696715,
            56.08880163731878,
            39.61608465686547,
            41.46988079942984,
            45.645135723913675,
            64.86025380624652,
            30.326069225950363,
            42.82320904422878,
            33.20108747591087,
            20.00310932452535,
            9.020358278682991,
            0.0,
            18.073792268892564,
            51.133280841696994,
            52.93663559863414,
            47.67508714404493,
            48.845225939587486,
            23.634492554013868,
            35.57308679609936
        ],
        [
            45.64913929137302,
            37.72894980955565,
            25.083896540414383,
            53.2521655936701,
            31.28886220840516,
            45.5743930821335,
            57.347490092148746,
            28.236542342927315,
            55.700191644913424,
            80.70652716469527,
            15.259686126691205,
            60.88697773863517,
            15.45088965433406,
            28.05761494613191,
            26.93892367102216,
            18.073792268892564,
            0.0,
            68.99688241897168,
            60.78862838195404,
            43.00381772878437,
            43.99236194704774,
            34.228919604607555,
            45.64913929137302
        ],
        [
            43.78490982473194,
            68.72081773010048,
            81.42773079894404,
            38.3747352445316,
            94.83973523584325,
            94.40366228347045,
            21.740402192852226,
            86.01556750286922,
            59.31534957017936,
            26.08541155600133,
            81.02602649760912,
            13.114573469221702,
            84.31017834535875,
            49.86416865412602,
            42.12648853139991,
            51.133280841696994,
            68.99688241897168,
            0.0,
            68.94280446077146,
            88.04458235265145,
            79.82866188015477,
            44.42545299872131,
            43.78490982473194
        ],
        [
            83.46000245855495,
            92.19979907313831,
            85.79971249753252,
            85.79510986329063,
            60.8069842195721,
            106.1723616898459,
            47.23759189019657,
            89.01344278665833,
            9.776539723447273,
            93.83734132055687,
            58.57960228675885,
            55.88767725090405,
            67.12707002342002,
            71.87394315987139,
            53.04587144570665,
            52.93663559863414,
            60.78862838195404,
            68.94280446077146,
            0.0,
            37.21540406342742,
            101.47548609228406,
            73.24304916954607,
            83.46000245855495
        ],
        [
            83.21389204828873,
            80.64976139830074,
            65.62114284713732,
            88.90443243489335,
            26.512242723208427,
            85.49122707593096,
            68.18726561547902,
            67.27775968871023,
            39.936865835740036,
            108.32854965136092,
            32.1963444047877,
            75.74287847128863,
            40.53622869356765,
            66.73463582012806,
            53.7920114668063,
            47.67508714404493,
            43.00381772878437,
            88.04458235265145,
            37.21540406342742,
            0.0,
            86.78204772415899,
            71.21641608528678,
            83.21389204828873
        ],
        [
            36.78402763297187,
            11.296086857205692,
            23.435607783844144,
            44.462897566302985,
            69.50528818156904,
            17.39932277326104,
            80.13347148267087,
            24.669459267547232,
            94.48425133935451,
            76.82061939308855,
            55.80099723926575,
            78.7960598365986,
            49.45164721598958,
            33.3077171583574,
            51.6412572819113,
            48.845225939587486,
            43.99236194704774,
            79.82866188015477,
            101.47548609228406,
            86.78204772415899,
            0.0,
            36.49500632203818,
            36.78402763297187
        ],
        [
            12.028367377510477,
            25.20012283845213,
            37.97502612300194,
            19.026820631461465,
            65.35810220778994,
            50.04326618021803,
            43.915094788347716,
            42.48315854279614,
            64.68175735219421,
            48.4841395742056,
            49.36824707261582,
            42.310384915755186,
            48.70412055740887,
            6.6716720738668025,
            20.2529549298391,
            23.634492554013868,
            34.228919604607555,
            44.42545299872131,
            73.24304916954607,
            71.21641608528678,
            36.49500632203818,
            0.0,
            12.028367377510477
        ],
        [
            0.0,
            26.290422961795244,
            44.979085571112506,
            8.72723102990578,
            76.91983990722369,
            52.79364794267049,
            48.9211630628061,
            49.17502321253825,
            74.50815807567889,
            41.21482710404917,
            60.89121101673182,
            45.24232808525789,
            59.52571104635431,
            17.598400924984073,
            31.210157585468508,
            35.57308679609936,
            45.64913929137302,
            43.78490982473194,
            83.46000245855495,
            83.21389204828873,
            36.78402763297187,
            12.028367377510477,
            0.0
        ]
    ],
    "scores_ave": [
        0,
        16.245742848541923,
        15.150927842573775,
        10.543045896243878,
        17.413583437169816,
        10.428882614473121,
        19.19118807975444,
        18.551502764980697,
        17.69912135075967,
        10.939000860894453,
        13.846616213099137,
        17.74870115178222,
        15.32073024232515,
        14.209211498194867,
        11.396997099134051,
        14.602910289076128,
        14.803080126825984,
        17.78869141038156,
        14.695801932764608,
        19.569237139471888,
        12.952140506595285,
        18.399303968571548,
        0
    ],
    "scores_var": [
        0,
        339.5410960367452,
        19.234833145204394,
        24.188667530461334,
        17.146329937682374,
        284.8951025928627,
        371.1718837699806,
        23.670627360140635,
        19.668618580728364,
        22.486991630201686,
        248.25367697730118,
        21.165788933459933,
        17.167097956548094,
        337.7658962368402,
        260.8072951272429,
        229.88089650048957,
        367.1725018731603,
        376.30384466632813,
        325.08330923139806,
        234.65460375835028,
        244.38748064169752,
        19.93881588182579,
        0
    ],
    "vertex_number": 23,
    "minimum_distances": {
        "cost": 403.91696713161093,
        "path": [
            0,
            21,
            13,
            1,
            20,
            5,
            7,
            2,
            14,
            15,
            16,
            12,
            10,
            4,
            19,
            18,
            8,
            6,
            11,
            17,
            9,
            3,
            22
        ]
    }
}