{
    "vertices": [
        [
            94.39585710161998,
            22.62853955704388
        ],
        [
            79.84492945503676,
            36.32459168846873
        ],
        [
            98.67866071301844,
            2.276911643462942
        ],
        [
            0.06339447439390744,
            93.5798954809209
        ],
        [
            82.42641790465333,
            70.4175224119113
        ],
        [
            12.863724549954425,
            7.787916685272533
        ],
        [
            78.10121382787301,
            29.786611967494846
        ],
        [
            23.762110976165474,
            88.90480182251433
        ],
        [
            63.23876594917017,
            88.65913489978323
        ],
        [
            69.979164616602,
            21.367540085113824
        ],
        [
            31.264176025056422,
            86.42843908664807
        ],
        [
            96.23452293283344,
            50.27860836270081
        ],
        [
            69.12208431556584,
            39.84826909656394
        ],
        [
            75.7786222997051,
            57.011189329348646
        ],
        [
            7.252813004002623,
            15.215033769060815
        ],
        [
            1.8099806853194678,
            34.59719070718344
        ],
        [
            90.21501276902407,
            51.27499441036964
        ],
        [
            76.05206951331571,
            42.55860236564899
        ],
        [
            44.54272263884219,
            17.06354986912776
        ],
        [
            31.60504516010576,
            57.04641270628413
        ],
        [
            69.22472224057839,
            53.74840949235499
        ],
        [
            90.16189482067314,
            51.98236043498504
        ],
        [
            57.033337214239566,
            56.89517464351865
        ],
        [
            94.39585710161998,
            22.62853955704388
        ]
    ],
    "distances": [
        [
            0.0,
            19.982776067473882,
            20.797383621663915,
            118.03689428629374,
            49.26514342811451,
            82.87178485856634,
            17.797567250945473,
            96.85901626382844,
            73.01235409434939,
            24.449232944535115,
            89.75542510367005,
            27.711134891888392,
            30.582391604570603,
            39.09946338550696,
            87.45781956273402,
            93.35626985975932,
            28.949936701088486,
            27.086933134627294,
            50.16277629867007,
            71.60500021920116,
            40.025396125253074,
            29.657599982647532,
            50.69674715881208,
            0.0
        ],
        [
            19.982776067473882,
            0.0,
            38.90956115847313,
            98.20011780152572,
            34.19052511923382,
            72.80675539244054,
            6.76651483559157,
            76.87627089209269,
            54.906002217612965,
            17.917776327232048,
            69.78886105908728,
            21.525179574446817,
            11.286970823094906,
            21.082461332519028,
            75.5991323124369,
            78.05406551642616,
            18.19486656961408,
            7.297169016866038,
            40.214842260784465,
            52.50219331687684,
            20.405348027932714,
            18.751146537615334,
            30.716731982276194,
            19.982776067473882
        ],
        [
            20.797383621663915,
            38.90956115847313,
            0.0,
            134.39198485377733,
            70.05196808226901,
            85.9917114915246,
            34.35425639173438,
            114.52895171679585,
            93.36955946976188,
            34.46901754453399,
            107.82482235906816,
            48.06388142268806,
            47.80374576544332,
            59.33171928342269,
            92.33677833587784,
            102.11827265022403,
            49.72369104715094,
            46.201485222407236,
            56.11902049383736,
            86.5942731940762,
            59.30303181412214,
            50.4298219393212,
            68.68396918103377,
            20.797383621663915
        ],
        [
            118.03689428629374,
            98.20011780152572,
            134.39198485377733,
            0.0,
            85.55795202528778,
            86.74163980301662,
            100.79426705359087,
            24.15544792683864,
            63.36672191042276,
            100.51288069888568,
            32.00987500649367,
            105.46984125836262,
            87.4996589506914,
            84.08368447111971,
            78.69395967869984,
            59.00855892002504,
            99.58423035666755,
            91.52841681863264,
            88.50515114807757,
            48.26563054207568,
            79.81125568764674,
            99.23756691166074,
            67.75945040139734,
            118.03689428629374
        ],
        [
            49.26514342811451,
            34.19052511923382,
            70.05196808226901,
            85.55795202528778,
            0.0,
            93.60254174024386,
            40.86047324552161,
            61.50837672549598,
            26.474939352573436,
            50.60469227923484,
            53.60899595134891,
            24.418018419821475,
            33.33893430371759,
            14.964055370312657,
            93.26513617704728,
            88.21624631197776,
            20.66636369202645,
            28.578868829227392,
            65.43562296707309,
            52.55091343069272,
            21.263680159647215,
            19.992318530720325,
            28.76912296402548,
            49.26514342811451
        ],
        [
            82.87178485856634,
            72.80675539244054,
            85.9917114915246,
            86.74163980301662,
            93.60254174024386,
            0.0,
            68.84673268504913,
            81.84573221044272,
            95.2774828145229,
            58.70757758320751,
            80.76452425445736,
            93.5742961620601,
            64.7523686072808,
            79.88250702534714,
            9.308297188680376,
            28.998662503758027,
            88.7375214788999,
            72.12328002727193,
            33.009033473841534,
            52.703287643794084,
            72.7250229271356,
            89.0401930902417,
            66.04905349125531,
            82.87178485856634
        ],
        [
            17.797567250945473,
            6.76651483559157,
            34.35425639173438,
            100.79426705359087,
            40.86047324552161,
            68.84673268504913,
            0.0,
            80.29756204557258,
            60.71957109005283,
            11.698224427279836,
            73.49833120240562,
            27.36309221117334,
            13.485611257252392,
            27.32347056905985,
            72.33136795673698,
            76.44274931098569,
            24.667685436576374,
            12.935328799548316,
            35.88939453436299,
            53.897963199920255,
            25.553078944066716,
            25.260864514940568,
            34.33263164057183,
            17.797567250945473
        ],
        [
            96.85901626382844,
            76.87627089209269,
            114.52895171679585,
            24.15544792683864,
            61.50837672549598,
            81.84573221044272,
            80.29756204557258,
            0.0,
            39.47741936974327,
            81.83701955832171,
            7.900212174200018,
            82.12328120583061,
            66.81370057438335,
            61.015735414203945,
            75.51648055428325,
            58.57655375114083,
            76.36747057855465,
            69.8728127951955,
            74.78635773525106,
            32.80958051689711,
            57.47017439203757,
            75.97498254434072,
            46.169153420042356,
            96.85901626382844
        ],
        [
            73.01235409434939,
            54.906002217612965,
            93.36955946976188,
            63.36672191042276,
            26.474939352573436,
            95.2774828145229,
            60.71957109005283,
            39.47741936974327,
            0.0,
            67.6283350889075,
            32.05230732140785,
            50.61407705558455,
            49.16415417212271,
            34.04174578545056,
            92.34967741187998,
            81.83024788472815,
            46.100887763880316,
            47.84809137424099,
            73.99641769263886,
            44.72199118379945,
            35.42019792710799,
            45.497699429457185,
            32.36443290011209,
            73.01235409434939
        ],
        [
            24.449232944535115,
            17.917776327232048,
            34.46901754453399,
            100.51288069888568,
            50.60469227923484,
            58.70757758320751,
            11.698224427279836,
            81.83701955832171,
            67.6283350889075,
            0.0,
            75.70846003275555,
            39.05372849376868,
            18.500592732047213,
            36.11237240703171,
            63.02736326863532,
            69.44106345267946,
            36.11018380824371,
            22.044076176198665,
            25.798002098365007,
            52.39804381443204,
            32.38965709709732,
            36.6689217668752,
            37.81279233866918,
            24.449232944535115
        ],
        [
            89.75542510367005,
            69.78886105908728,
            107.82482235906816,
            32.00987500649367,
            53.60899595134891,
            80.76452425445736,
            73.49833120240562,
            7.900212174200018,
            32.05230732140785,
            75.70846003275555,
            0.0,
            74.35022689062173,
            60.02444049250069,
            53.3564476930569,
            75.15247601413938,
            59.61566850824653,
            68.63647591056883,
            62.69384321480681,
            70.62441260876686,
            29.384003573094525,
            50.089793404092326,
            68.23103116474276,
            39.19519584160685,
            89.75542510367005
        ],
        [
            27.711134891888392,
            21.525179574446817,
            48.06388142268806,
            105.46984125836262,
            24.418018419821475,
            93.5742961620601,
            27.36309221117334,
            82.12328120583061,
            50.61407705558455,
            39.05372849376868,
            74.35022689062173,
            0.0,
            29.049549135603122,
            21.535355051284597,
            95.64098998411897,
            95.71781985784739,
            6.101416865629937,
            21.608561234508855,
            61.44332614991927,
            64.98286368580972,
            27.23176184742168,
            6.307105779389815,
            39.75565256780656,
            27.711134891888392
        ],
        [
            30.582391604570603,
            11.286970823094906,
            47.80374576544332,
            87.4996589506914,
            33.33893430371759,
            64.7523686072808,
            13.485611257252392,
            66.81370057438335,
            49.16415417212271,
            18.500592732047213,
            60.02444049250069,
            29.049549135603122,
            0.0,
            18.40856672452311,
            66.59281504279548,
            67.51661365456982,
            23.989199280923813,
            7.4411424707864295,
            33.515495680480264,
            41.271108182515334,
            13.900519327217706,
            24.288058767632485,
            20.898200764817524,
            30.582391604570603
        ],
        [
            39.09946338550696,
            21.082461332519028,
            59.33171928342269,
            84.08368447111971,
            14.964055370312657,
            79.88250702534714,
            27.32347056905985,
            61.015735414203945,
            34.04174578545056,
            36.11237240703171,
            53.3564476930569,
            21.535355051284597,
            18.40856672452311,
            0.0,
            80.26646347791066,
            77.29002054930407,
            15.534262194618838,
            14.455173583251526,
            50.70991348905352,
            44.173591182904936,
            7.321156892849214,
            15.237048548233364,
            18.745644089833377,
            39.09946338550696
        ],
        [
            87.45781956273402,
            75.5991323124369,
            92.33677833587784,
            78.69395967869984,
            93.26513617704728,
            9.308297188680376,
            72.33136795673698,
            75.51648055428325,
            92.34967741187998,
            63.02736326863532,
            75.15247601413938,
            95.64098998411897,
            66.59281504279548,
            80.26646347791066,
            0.0,
            20.131875998607697,
            90.46019760814181,
            74.03383307536212,
            37.33569836425599,
            48.40346552442618,
            72.9749174652424,
            90.69593242170318,
            64.92560923056969,
            87.45781956273402
        ],
        [
            93.35626985975932,
            78.05406551642616,
            102.11827265022403,
            59.00855892002504,
            88.21624631197776,
            28.998662503758027,
            76.44274931098569,
            58.57655375114083,
            81.83024788472815,
            69.44106345267946,
            59.61566850824653,
            95.71781985784739,
            67.51661365456982,
            77.29002054930407,
            20.131875998607697,
            0.0,
            89.96443093847063,
            74.66774289570856,
            46.18999670820832,
            37.30567564622813,
            70.08221286403463,
            90.04612627895426,
            59.55517772574678,
            93.35626985975932
        ],
        [
            28.949936701088486,
            18.19486656961408,
            49.72369104715094,
            99.58423035666755,
            20.66636369202645,
            88.7375214788999,
            24.667685436576374,
            76.36747057855465,
            46.100887763880316,
            36.11018380824371,
            68.63647591056883,
            6.101416865629937,
            23.989199280923813,
            15.534262194618838,
            90.46019760814181,
            89.96443093847063,
            0.0,
            16.63022705622759,
            57.06470908831462,
            58.89344252346665,
            21.13551699477326,
            0.709357603199692,
            33.65427192015989,
            28.949936701088486
        ],
        [
            27.086933134627294,
            7.297169016866038,
            46.201485222407236,
            91.52841681863264,
            28.578868829227392,
            72.12328002727193,
            12.935328799548316,
            69.8728127951955,
            47.84809137424099,
            22.044076176198665,
            62.69384321480681,
            21.608561234508855,
            7.4411424707864295,
            14.455173583251526,
            74.03383307536212,
            74.66774289570856,
            16.63022705622759,
            0.0,
            40.53192127516616,
            46.748632304283014,
            13.108182723605672,
            16.96745079125089,
            23.8169998728325,
            27.086933134627294
        ],
        [
            50.16277629867007,
            40.214842260784465,
            56.11902049383736,
            88.50515114807757,
            65.43562296707309,
            33.009033473841534,
            35.88939453436299,
            74.78635773525106,
            73.99641769263886,
            25.798002098365007,
            70.62441260876686,
            61.44332614991927,
            33.515495680480264,
            50.70991348905352,
            37.33569836425599,
            46.18999670820832,
            57.06470908831462,
            40.53192127516616,
            0.0,
            42.02395530169268,
            44.21515611095355,
            57.44938817680972,
            41.74414671111388,
            50.16277629867007
        ],
        [
            71.60500021920116,
            52.50219331687684,
            86.5942731940762,
            48.26563054207568,
            52.55091343069272,
            52.703287643794084,
            53.897963199920255,
            32.80958051689711,
            44.72199118379945,
            52.39804381443204,
            29.384003573094525,
            64.98286368580972,
            41.271108182515334,
            44.173591182904936,
            48.40346552442618,
            37.30567564622813,
            58.89344252346665,
            46.748632304283014,
            42.02395530169268,
            0.0,
            37.763963362419,
            58.775413801833324,
            25.428741804146615,
            71.60500021920116
        ],
        [
            40.025396125253074,
            20.405348027932714,
            59.30303181412214,
            79.81125568764674,
            21.263680159647215,
            72.7250229271356,
            25.553078944066716,
            57.47017439203757,
            35.42019792710799,
            32.38965709709732,
            50.089793404092326,
            27.23176184742168,
            13.900519327217706,
            7.321156892849214,
            72.9749174652424,
            70.08221286403463,
            21.13551699477326,
            13.108182723605672,
            44.21515611095355,
            37.763963362419,
            0.0,
            21.011523622091495,
            12.590949121373516,
            40.025396125253074
        ],
        [
            29.657599982647532,
            18.751146537615334,
            50.4298219393212,
            99.23756691166074,
            19.992318530720325,
            89.0401930902417,
            25.260864514940568,
            75.97498254434072,
            45.497699429457185,
            36.6689217668752,
            68.23103116474276,
            6.307105779389815,
            24.288058767632485,
            15.237048548233364,
            90.69593242170318,
            90.04612627895426,
            0.709357603199692,
            16.96745079125089,
            57.44938817680972,
            58.775413801833324,
            21.011523622091495,
            0.0,
            33.490850579379995,
            29.657599982647532
        ],
        [
            50.69674715881208,
            30.716731982276194,
            68.68396918103377,
            67.75945040139734,
            28.76912296402548,
            66.04905349125531,
            34.33263164057183,
            46.169153420042356,
            32.36443290011209,
            37.81279233866918,
            39.19519584160685,
            39.75565256780656,
            20.898200764817524,
            18.745644089833377,
            64.92560923056969,
            59.55517772574678,
            33.65427192015989,
            23.8169998728325,
            41.74414671111388,
            25.428741804146615,
            12.590949121373516,
            33.490850579379995,
            0.0,
            50.69674715881208
        ],
        [
            0.0,
            19.982776067473882,
            20.797383621663915,
            118.03689428629374,
            49.26514342811451,
            82.87178485856634,
            17.797567250945473,
            96.85901626382844,
            73.01235409434939,
            24.449232944535115,
            89.75542510367005,
            27.711134891888392,
            30.582391604570603,
            39.09946338550696,
            87.45781956273402,
            93.35626985975932,
            28.949936701088486,
            27.086933134627294,
            50.16277629867007,
            71.60500021920116,
            40.025396125253074,
            29.657599982647532,
            50.69674715881208,
            0.0
        ]
    ],
    "scores_ave": [
        0,
        17.56001450924635,
        19.48127829883337,
        16.148973950293303,
        12.651309054303095,
        13.638945674077569,
        16.565972034248198,
        17.479337418910344,
        17.1081268773247,
        12.186219225017604,
        16.390032620044416,
        15.103318607625257,
        16.810936630246147,
        19.010745268372094,
        15.833051478637628,
        18.8843277867034,
        16.081615786470287,
        17.665051519525914,
        11.118504197483134,
        12.318636906393717,
        10.861774735234182,
        16.06106941934184,
        18.363211513722717,
        0
    ],
    "scores_var": [
        0,
        369.88697530203115,
        23.115586407049562,
        323.76179674636796,
        309.6347732336713,
        18.75708261505401,
        22.002565788745606,
        16.707247853624473,
        21.824746948459822,
        24.266593336595545,
        347.66695500728264,
        246.64866517810427,
        20.87116926003653,
        16.02953152188455,
        17.549450259052293,
        266.9663752715493,
        16.252505557252114,
        19.49884510324057,
        377.90312581143576,
        23.447031649026727,
        317.4443934191094,
        319.1827762295704,
        19.032772327534136,
        0
    ],
    "vertex_number": 24,
    "minimum_distances": {
        "cost": 468.81533696260675,
        "path": [
            0,
            2,
            9,
            12,
            17,
            13,
            20,
            22,
            18,
            5,
            14,
            15,
            19,
            3,
            7,
            10,
            8,
            4,
            21,
            16,
            11,
            1,
            6,
            23
        ]
    }
}