{
    "vertices": [
        [
            56.84930834438461,
            26.263221402973514
        ],
        [
            4.687526298388855,
            11.802063857857604
        ],
        [
            10.530214983065466,
            64.61228655492718
        ],
        [
            55.48830578282988,
            60.81293142795469
        ],
        [
            29.291069280896288,
            68.88488511696282
        ],
        [
            18.536295734027664,
            42.45170465324293
        ],
        [
            66.53486033182064,
            44.39677815693482
        ],
        [
            10.21770962648121,
            11.998025281795144
        ],
        [
            82.88640499812827,
            67.26051366267858
        ],
        [
            79.80885901913977,
            77.75625492033662
        ],
        [
            16.59570056508619,
            83.33456767763818
        ],
        [
            68.99428416393738,
            5.751747820820318
        ],
        [
            23.747806014426974,
            57.322310340955696
        ],
        [
            53.425020539496494,
            67.87303898074889
        ],
        [
            98.66604788915683,
            80.34281046716231
        ],
        [
            56.84930834438461,
            26.263221402973514
        ]
    ],
    "distances": [
        [
            0.0,
            54.12925811202873,
            60.13409355634611,
            34.57650634148631,
            50.75492841122689,
            41.59271480951471,
            20.558107837309876,
            48.764760015437915,
            48.566535544385516,
            56.37972568226038,
            69.83903997659385,
            23.83738631160912,
            45.3913699083612,
            41.7504810250906,
            68.36111218746258,
            0.0
        ],
        [
            54.12925811202873,
            0.0,
            53.13244425377145,
            70.58884002588793,
            62.15933405524102,
            33.63315173705301,
            69.91071539672126,
            5.533654174411539,
            95.86816095373064,
            99.965843909046,
            72.51692021240942,
            64.59075345067835,
            49.34964136379937,
            74.29197531452434,
            116.31765328679631,
            54.12925811202873
        ],
        [
            60.13409355634611,
            53.13244425377145,
            0.0,
            45.118344691940045,
            19.2412253366761,
            23.56244298056089,
            59.54147361654013,
            52.61518933649574,
            72.4046361796681,
            70.51449796933946,
            19.68029282768734,
            82.96149953595987,
            15.094650240154563,
            43.01856401725339,
            89.52862349329324,
            60.13409355634611
        ],
        [
            34.57650634148631,
            70.58884002588793,
            45.118344691940045,
            0.0,
            27.412618202129728,
            41.262400503596155,
            19.786774765520647,
            66.57568579000576,
            28.146530110918846,
            29.64060594332857,
            44.942839696511406,
            56.69343341383996,
            31.931861222311912,
            7.355424165361168,
            47.389171639590415,
            34.57650634148631
        ],
        [
            50.75492841122689,
            62.15933405524102,
            19.2412253366761,
            27.412618202129728,
            0.0,
            28.537312127669068,
            44.57316854712804,
            59.999232248527,
            53.61994585286613,
            51.290820642933674,
            19.234492791198193,
            74.57974454838602,
            12.822671449122616,
            24.155153403691344,
            70.31480434607887,
            50.75492841122689
        ],
        [
            41.59271480951471,
            33.63315173705301,
            23.56244298056089,
            41.262400503596155,
            28.537312127669068,
            0.0,
            48.03795909885504,
            31.569375383235084,
            68.96675696861745,
            70.71589836161182,
            40.928894422903525,
            62.39307195430103,
            15.757371383645909,
            43.167897302770825,
            88.63697355079348,
            41.59271480951471
        ],
        [
            20.558107837309876,
            69.91071539672126,
            59.54147361654013,
            19.786774765520647,
            44.57316854712804,
            48.03795909885504,
            0.0,
            64.9715372407971,
            28.109134000371856,
            35.903394422796495,
            63.32512243151232,
            38.72321184077057,
            44.69677168878929,
            26.888709929041827,
            48.213384580349,
            20.558107837309876
        ],
        [
            48.764760015437915,
            5.533654174411539,
            52.61518933649574,
            66.57568579000576,
            59.999232248527,
            31.569375383235084,
            64.9715372407971,
            0.0,
            91.29447907220083,
            95.74483191789768,
            71.62109360661032,
            59.107543482000864,
            47.30067995696412,
            70.63206688319575,
            111.77709158616835,
            48.764760015437915
        ],
        [
            48.566535544385516,
            95.86816095373064,
            72.4046361796681,
            28.146530110918846,
            53.61994585286613,
            68.96675696861745,
            28.109134000371856,
            91.29447907220083,
            0.0,
            10.937635658609837,
            68.21167573593821,
            63.05806289968246,
            59.96783950601306,
            29.467751211868663,
            20.49740518819378,
            48.566535544385516
        ],
        [
            56.37972568226038,
            99.965843909046,
            70.51449796933946,
            29.64060594332857,
            51.290820642933674,
            70.71589836161182,
            35.903394422796495,
            95.74483191789768,
            10.937635658609837,
            0.0,
            63.45881321735823,
            72.81211487069352,
            59.66898486710185,
            28.17418836858351,
            19.0337553224872,
            56.37972568226038
        ],
        [
            69.83903997659385,
            72.51692021240942,
            19.68029282768734,
            44.942839696511406,
            19.234492791198193,
            40.928894422903525,
            63.32512243151232,
            71.62109360661032,
            68.21167573593821,
            63.45881321735823,
            0.0,
            93.62000587535363,
            26.977585957759114,
            39.943180637278104,
            82.12485933686598,
            69.83903997659385
        ],
        [
            23.83738631160912,
            64.59075345067835,
            82.96149953595987,
            56.69343341383996,
            74.57974454838602,
            62.39307195430103,
            38.72321184077057,
            59.107543482000864,
            63.05806289968246,
            72.81211487069352,
            93.62000587535363,
            0.0,
            68.60587951172491,
            64.0426169451558,
            80.27602499673091,
            23.83738631160912
        ],
        [
            45.3913699083612,
            49.34964136379937,
            15.094650240154563,
            31.931861222311912,
            12.822671449122616,
            15.757371383645909,
            44.69677168878929,
            47.30067995696412,
            59.96783950601306,
            59.66898486710185,
            26.977585957759114,
            68.60587951172491,
            0.0,
            31.4969036065063,
            78.37529197177643,
            45.3913699083612
        ],
        [
            41.7504810250906,
            74.29197531452434,
            43.01856401725339,
            7.355424165361168,
            24.155153403691344,
            43.167897302770825,
            26.888709929041827,
            70.63206688319575,
            29.467751211868663,
            28.17418836858351,
            39.943180637278104,
            64.0426169451558,
            31.4969036065063,
            0.0,
            46.92809133745036,
            41.7504810250906
        ],
        [
            68.36111218746258,
            116.31765328679631,
            89.52862349329324,
            47.389171639590415,
            70.31480434607887,
            88.63697355079348,
            48.213384580349,
            111.77709158616835,
            20.49740518819378,
            19.0337553224872,
            82.12485933686598,
            80.27602499673091,
            78.37529197177643,
            46.92809133745036,
            0.0,
            68.36111218746258
        ],
        [
            0.0,
            54.12925811202873,
            60.13409355634611,
            34.57650634148631,
            50.75492841122689,
            41.59271480951471,
            20.558107837309876,
            48.764760015437915,
            48.566535544385516,
            56.37972568226038,
            69.83903997659385,
            23.83738631160912,
            45.3913699083612,
            41.7504810250906,
            68.36111218746258,
            0.0
        ]
    ],
    "scores_ave": [
        0,
        17.511654825868046,
        11.953184131117498,
        11.193248793284198,
        18.22657424069199,
        13.202479552226634,
        16.352318015577318,
        12.343642213278054,
        19.56721696900773,
        10.762556092479144,
        13.234025230289298,
        17.95370422855955,
        13.016118959285807,
        15.505531825299045,
        19.404635840037628,
        0
    ],
    "scores_var": [
        0,
        19.507080131097894,
        23.53495057554052,
        23.78662224421409,
        339.445474879112,
        394.85971998547427,
        20.30029055921377,
        268.6774969670091,
        351.07500539156155,
        283.620464408332,
        24.7871506142694,
        18.791367085271517,
        275.0357675333379,
        24.057513441424007,
        235.43376858277847,
        0
    ],
    "vertex_number": 16,
    "minimum_distances": {
        "cost": 341.2281288085043,
        "path": [
            0,
            6,
            8,
            14,
            9,
            3,
            13,
            4,
            10,
            2,
            12,
            5,
            1,
            7,
            11,
            15
        ]
    }
}