{
    "vertices": [
        [
            9.615624979492077,
            9.710374581743276
        ],
        [
            42.55682311478228,
            49.634005850156115
        ],
        [
            95.15287499981737,
            54.783902814615395
        ],
        [
            33.25098156327561,
            90.7242117474759
        ],
        [
            70.24672523505227,
            94.94301673447252
        ],
        [
            70.48450005844123,
            57.48934260137766
        ],
        [
            57.081840816182385,
            65.72636276295205
        ],
        [
            93.03507089822844,
            47.77166709804456
        ],
        [
            45.40738390023233,
            54.48124590220043
        ],
        [
            18.456425473569404,
            87.44647744465057
        ],
        [
            92.89856485406493,
            99.31163090972521
        ],
        [
            97.45829022931538,
            97.2177830006809
        ],
        [
            48.75265963522295,
            37.04204781053866
        ],
        [
            98.1241687176757,
            79.82769908413245
        ],
        [
            19.130925379188348,
            92.66142030796613
        ],
        [
            26.741725377350278,
            55.84249322297807
        ],
        [
            61.741029653675014,
            73.34953166070332
        ],
        [
            88.6301751867929,
            77.61191038378078
        ],
        [
            60.081775264987456,
            38.63230470506552
        ],
        [
            90.54394474767555,
            6.396449685321858
        ],
        [
            2.0871888106806846,
            87.8059131518119
        ],
        [
            53.905675190712856,
            76.52184376446344
        ],
        [
            91.61532792164338,
            65.29477035196152
        ],
        [
            9.615624979492077,
            9.710374581743276
        ]
    ],
    "distances": [
        [
            0.0,
            51.759239448089254,
            96.68631800001052,
            84.39118374071097,
            104.5979617704618,
            77.38119757665918,
            73.42228937981021,
            91.69223492423136,
            57.31911483469823,
            78.23721264007672,
            122.32920015149465,
            123.99145279571195,
            47.73602248962025,
            112.91679020423537,
            83.49501140050448,
            49.20849200256478,
            82.26177803918344,
            104.18213718645553,
            58.16623046662505,
            80.99614212245221,
            78.45757130893705,
            80.15847405025886,
            99.06349648453417,
            0.0
        ],
        [
            51.759239448089254,
            0.0,
            52.84757433069043,
            42.13079286775746,
            53.100255618454746,
            29.01140215405783,
            21.678101628943377,
            50.51259055834103,
            5.623293777999524,
            44.839850295791905,
            70.72593154496984,
            72.65250814141906,
            14.03373782922828,
            63.240722706645805,
            48.991132663398005,
            16.990074511402725,
            30.503441527106826,
            53.90284698644461,
            20.692060698559448,
            64.59295709067119,
            55.63169786869639,
            29.184795204822258,
            51.49753818063367,
            51.759239448089254
        ],
        [
            96.68631800001052,
            52.84757433069043,
            0.0,
            71.57897887800877,
            47.25537775674819,
            24.81628752831718,
            39.61238535524534,
            7.325062727202996,
            49.74641178965099,
            83.36179671405192,
            44.58475617904929,
            42.49646017053377,
            49.676487444931404,
            25.2194432521192,
            84.9355235197885,
            68.41933941745022,
            38.2234742518943,
            23.74159940755259,
            38.61160652061504,
            48.60645901944192,
            98.75057018855526,
            46.624774196035226,
            11.09020178887354,
            96.68631800001052
        ],
        [
            84.39118374071097,
            42.13079286775746,
            71.57897887800877,
            0.0,
            37.23551215367005,
            49.908831149287735,
            34.53697014193504,
            73.61425425466874,
            38.22735527132072,
            15.15329772859297,
            60.26257512171062,
            64.53483519585804,
            55.875546959278154,
            65.78194584984716,
            14.252324850655683,
            35.48386539423662,
            33.37008163476623,
            56.91034645337681,
            58.59571887074127,
            101.94927701980174,
            31.300134910574144,
            25.066384365683742,
            63.66359568487644,
            84.39118374071097
        ],
        [
            104.5979617704618,
            53.100255618454746,
            47.25537775674819,
            37.23551215367005,
            0.0,
            37.45442888277295,
            32.045702536436394,
            52.38745006761192,
            47.47786617815716,
            52.33004156990606,
            23.069257203856615,
            27.30647965232584,
            61.761776677327866,
            31.711585939488206,
            51.16669499936638,
            58.49389670291748,
            23.208305732089833,
            25.264965455490735,
            57.22082223415461,
            90.84311562321797,
            68.5321869863706,
            24.624571674297165,
            36.54634994545236,
            104.5979617704618
        ],
        [
            77.38119757665918,
            29.01140215405783,
            24.81628752831718,
            49.908831149287735,
            37.45442888277295,
            0.0,
            15.731489945529297,
            24.555273616645806,
            25.256888180532112,
            60.03624299560242,
            47.44991148578638,
            48.02014507207716,
            29.838980418970344,
            35.5380564176335,
            62.2435914977269,
            43.77376439919038,
            18.110601086561875,
            27.095816282612496,
            21.536122244993173,
            54.88957121140587,
            74.81501611215818,
            25.24071184649257,
            22.526353201392038,
            77.38119757665918
        ],
        [
            73.42228937981021,
            21.678101628943377,
            39.61238535524534,
            34.53697014193504,
            32.045702536436394,
            15.731489945529297,
            0.0,
            40.18713537628664,
            16.20942927725509,
            44.3134978553431,
            49.09997919853418,
            51.205148332960874,
            29.869134293355327,
            43.39723914740128,
            46.537826630162826,
            31.909457562373007,
            8.93424561264454,
            33.71295958243405,
            27.259632953164527,
            68.11571760850211,
            59.26144020001904,
            11.253019067539503,
            34.536183976697046,
            73.42228937981021
        ],
        [
            91.69223492423136,
            50.51259055834103,
            7.325062727202996,
            73.61425425466874,
            52.38745006761192,
            24.555273616645806,
            40.18713537628664,
            0.0,
            48.09797310187057,
            84.47523263901776,
            51.5401445827371,
            49.64356199053254,
            45.563764959897405,
            32.45748146897711,
            86.46914286696219,
            66.78282634547183,
            40.41712722351164,
            30.16360763536996,
            34.197187575032814,
            41.45014264689617,
            99.3693016645688,
            48.55597045457578,
            17.580523819471296,
            91.69223492423136
        ],
        [
            57.31911483469823,
            5.623293777999524,
            49.74641178965099,
            38.22735527132072,
            47.47786617815716,
            25.256888180532112,
            16.20942927725509,
            48.09797310187057,
            0.0,
            42.580049914990276,
            65.30831255140937,
            67.34766850343651,
            17.757153483127198,
            58.49360726090074,
            46.34844107478514,
            18.71522915598855,
            24.95596503971504,
            49.02282454083015,
            21.599229129675898,
            65.95041131299853,
            54.65503407641552,
            23.622212194962817,
            47.45636313194932,
            57.31911483469823
        ],
        [
            78.23721264007672,
            44.839850295791905,
            83.36179671405192,
            15.15329772859297,
            52.33004156990606,
            60.03624299560242,
            44.3134978553431,
            84.47523263901776,
            42.580049914990276,
            0.0,
            75.38178813410369,
            79.6038507055688,
            58.808743662128016,
            80.03121326904612,
            5.258381803399771,
            32.67197596074219,
            45.52231144684949,
            70.85953611257187,
            64.15210990690763,
            108.46989183585728,
            16.373182432051586,
            37.094432554693086,
            76.4390157872738,
            78.23721264007672
        ],
        [
            122.32920015149465,
            70.72593154496984,
            44.58475617904929,
            60.26257512171062,
            23.069257203856615,
            47.44991148578638,
            49.09997919853418,
            51.5401445827371,
            65.30831255140937,
            75.38178813410369,
            0.0,
            5.017498835466942,
            76.33060937092982,
            20.17251930532551,
            74.06679373878093,
            79.15992256677093,
            40.55641252847199,
            22.115538005116868,
            68.98494261493072,
            92.94501136590995,
            91.53735609038368,
            45.164364740630276,
            34.04105608278142,
            122.32920015149465
        ],
        [
            123.99145279571195,
            72.65250814141906,
            42.49646017053377,
            64.53483519585804,
            27.30647965232584,
            48.02014507207716,
            51.205148332960874,
            49.64356199053254,
            67.34766850343651,
            79.6038507055688,
            5.017498835466942,
            0.0,
            77.41677826700304,
            17.40282772384586,
            78.4597764803882,
            81.93135632131977,
            42.95830682250564,
            21.501764027031026,
            69.49289271576374,
            91.08415207169148,
            95.83438986008913,
            48.21983178703459,
            32.45333488409432,
            123.99145279571195
        ],
        [
            47.73602248962025,
            14.03373782922828,
            49.676487444931404,
            55.875546959278154,
            61.761776677327866,
            29.838980418970344,
            29.869134293355327,
            45.563764959897405,
            17.757153483127198,
            58.808743662128016,
            76.33060937092982,
            77.41677826700304,
            0.0,
            65.33114007871202,
            63.01556742062015,
            28.94715831667258,
            38.560746093225326,
            56.88699320387266,
            11.44018260095374,
            51.82339429063475,
            68.95387002672966,
            39.81466887817424,
            51.33638732550563,
            47.73602248962025
        ],
        [
            112.91679020423537,
            63.240722706645805,
            25.2194432521192,
            65.78194584984716,
            31.711585939488206,
            35.5380564176335,
            43.39723914740128,
            32.45748146897711,
            58.49360726090074,
            80.03121326904612,
            20.17251930532551,
            17.40282772384586,
            65.33114007871202,
            0.0,
            80.0289753375898,
            75.30433797223586,
            36.95537121064259,
            9.749134973373312,
            56.073917445243616,
            73.82146153867238,
            96.36780276298865,
            44.34189722134856,
            15.92391365344757,
            112.91679020423537
        ],
        [
            83.49501140050448,
            48.991132663398005,
            84.9355235197885,
            14.252324850655683,
            51.16669499936638,
            62.2435914977269,
            46.537826630162826,
            86.46914286696219,
            46.34844107478514,
            5.258381803399771,
            74.06679373878093,
            78.4597764803882,
            63.01556742062015,
            80.0289753375898,
            0.0,
            37.597309322632235,
            46.782155031666775,
            71.1100096524953,
            67.79467117112414,
            111.98868019514119,
            17.721876479655034,
            38.337568460424116,
            77.4785269720014,
            83.49501140050448
        ],
        [
            49.20849200256478,
            16.990074511402725,
            68.41933941745022,
            35.48386539423662,
            58.49389670291748,
            43.77376439919038,
            31.909457562373007,
            66.78282634547183,
            18.71522915598855,
            32.67197596074219,
            79.15992256677093,
            81.93135632131977,
            28.94715831667258,
            75.30433797223586,
            37.597309322632235,
            0.0,
            39.13371557476689,
            65.60554658972784,
            37.519988210715425,
            80.71947979333677,
            40.367144893641154,
            34.13965009018857,
            65.55859859696527,
            49.20849200256478
        ],
        [
            82.26177803918344,
            30.503441527106826,
            38.2234742518943,
            33.37008163476623,
            23.208305732089833,
            18.110601086561875,
            8.93424561264454,
            40.41712722351164,
            24.95596503971504,
            45.52231144684949,
            40.55641252847199,
            42.95830682250564,
            38.560746093225326,
            36.95537121064259,
            46.782155031666775,
            39.13371557476689,
            0.0,
            27.22487869357983,
            34.75685504494966,
            72.88568517832809,
            61.380515582208695,
            8.453185414027304,
            30.94111951342973,
            82.26177803918344
        ],
        [
            104.18213718645553,
            53.90284698644461,
            23.74159940755259,
            56.91034645337681,
            25.264965455490735,
            27.095816282612496,
            33.71295958243405,
            30.16360763536996,
            49.02282454083015,
            70.85953611257187,
            22.115538005116868,
            21.501764027031026,
            56.88699320387266,
            9.749134973373312,
            71.1100096524953,
            65.60554658972784,
            27.22487869357983,
            0.0,
            48.31584416072508,
            71.2411703751834,
            87.14130010121819,
            34.741605391983725,
            12.673715927612943,
            104.18213718645553
        ],
        [
            58.16623046662505,
            20.692060698559448,
            38.61160652061504,
            58.59571887074127,
            57.22082223415461,
            21.536122244993173,
            27.259632953164527,
            34.197187575032814,
            21.599229129675898,
            64.15210990690763,
            68.98494261493072,
            69.49289271576374,
            11.44018260095374,
            56.073917445243616,
            67.79467117112414,
            37.519988210715425,
            34.75685504494966,
            48.31584416072508,
            0.0,
            44.3519347768048,
            76.03562208386269,
            38.389599923170536,
            41.29469720826151,
            58.16623046662505
        ],
        [
            80.99614212245221,
            64.59295709067119,
            48.60645901944192,
            101.94927701980174,
            90.84311562321797,
            54.88957121140587,
            68.11571760850211,
            41.45014264689617,
            65.95041131299853,
            108.46989183585728,
            92.94501136590995,
            91.08415207169148,
            51.82339429063475,
            73.82146153867238,
            111.98868019514119,
            80.71947979333677,
            72.88568517832809,
            71.2411703751834,
            44.3519347768048,
            0.0,
            120.21688073144658,
            79.11974273772358,
            58.90806429730801,
            80.99614212245221
        ],
        [
            78.45757130893705,
            55.63169786869639,
            98.75057018855526,
            31.300134910574144,
            68.5321869863706,
            74.81501611215818,
            59.26144020001904,
            99.3693016645688,
            54.65503407641552,
            16.373182432051586,
            91.53735609038368,
            95.83438986008913,
            68.95387002672966,
            96.36780276298865,
            17.721876479655034,
            40.367144893641154,
            61.380515582208695,
            87.14130010121819,
            76.03562208386269,
            120.21688073144658,
            0.0,
            53.03287426357423,
            92.31489177173499,
            78.45757130893705
        ],
        [
            80.15847405025886,
            29.184795204822258,
            46.624774196035226,
            25.066384365683742,
            24.624571674297165,
            25.24071184649257,
            11.253019067539503,
            48.55597045457578,
            23.622212194962817,
            37.094432554693086,
            45.164364740630276,
            48.21983178703459,
            39.81466887817424,
            44.34189722134856,
            38.337568460424116,
            34.13965009018857,
            8.453185414027304,
            34.741605391983725,
            38.389599923170536,
            79.11974273772358,
            53.03287426357423,
            0.0,
            39.345458270263975,
            80.15847405025886
        ],
        [
            99.06349648453417,
            51.49753818063367,
            11.09020178887354,
            63.66359568487644,
            36.54634994545236,
            22.526353201392038,
            34.536183976697046,
            17.580523819471296,
            47.45636313194932,
            76.4390157872738,
            34.04105608278142,
            32.45333488409432,
            51.33638732550563,
            15.92391365344757,
            77.4785269720014,
            65.55859859696527,
            30.94111951342973,
            12.673715927612943,
            41.29469720826151,
            58.90806429730801,
            92.31489177173499,
            39.345458270263975,
            0.0,
            99.06349648453417
        ],
        [
            0.0,
            51.759239448089254,
            96.68631800001052,
            84.39118374071097,
            104.5979617704618,
            77.38119757665918,
            73.42228937981021,
            91.69223492423136,
            57.31911483469823,
            78.23721264007672,
            122.32920015149465,
            123.99145279571195,
            47.73602248962025,
            112.91679020423537,
            83.49501140050448,
            49.20849200256478,
            82.26177803918344,
            104.18213718645553,
            58.16623046662505,
            80.99614212245221,
            78.45757130893705,
            80.15847405025886,
            99.06349648453417,
            0.0
        ]
    ],
    "scores_ave": [
        0,
        17.938090156603987,
        13.469431128363848,
        19.420098863475953,
        10.259687021614958,
        16.170928009762928,
        10.26382328966436,
        14.34579396196138,
        19.34287958553454,
        16.28328324390535,
        13.43810684066504,
        12.214571088138761,
        18.560550199718925,
        12.945928965471555,
        18.565277306769858,
        18.449169899420653,
        19.642433929924294,
        17.218786494137817,
        14.070905666384537,
        14.48415145138351,
        18.40185174616593,
        14.960867251313166,
        18.756429629810494,
        0
    ],
    "scores_var": [
        0,
        258.9573773730223,
        262.07714997788685,
        16.627790947625183,
        24.080910054874806,
        18.720871887497744,
        373.4139819972287,
        16.525967797674237,
        274.85341622756994,
        23.410481680279005,
        16.938169744724455,
        24.26088738016523,
        241.46003453329655,
        347.5636809968063,
        352.57200455358566,
        396.6852147856722,
        375.569346679143,
        22.880542486945927,
        16.127303975196757,
        373.72340210643335,
        333.96612571630254,
        20.937218078568822,
        302.96340354522994,
        0
    ],
    "vertex_number": 24,
    "minimum_distances": {
        "cost": 501.1504899299796,
        "path": [
            0,
            12,
            18,
            19,
            7,
            2,
            5,
            22,
            17,
            13,
            11,
            10,
            4,
            16,
            6,
            1,
            8,
            21,
            3,
            14,
            9,
            20,
            15,
            23
        ]
    }
}