{
    "vertices": [
        [
            66.10231436822592,
            98.00490909480963
        ],
        [
            21.066064660531392,
            88.74956755247906
        ],
        [
            32.4686569802615,
            58.598798925342585
        ],
        [
            97.34212546193278,
            45.097028716719755
        ],
        [
            16.744014362116232,
            32.754362172470394
        ],
        [
            3.2252707320858054,
            43.87775412945623
        ],
        [
            8.88281701108654,
            24.86098489896812
        ],
        [
            66.10231436822592,
            98.00490909480963
        ]
    ],
    "distances": [
        [
            0.0,
            45.97744158605397,
            51.807957187860126,
            61.44240883357975,
            81.81610876323514,
            82.96548391388102,
            92.8660569022433,
            0.0
        ],
        [
            45.97744158605397,
            0.0,
            32.234887318200535,
            87.88390977981439,
            56.16175873609535,
            48.2884413485032,
            65.03985329597694,
            45.97744158605397
        ],
        [
            51.807957187860126,
            32.234887318200535,
            0.0,
            66.26360020108214,
            30.252261015362162,
            32.73965178712938,
            41.16469290945531,
            51.807957187860126
        ],
        [
            61.44240883357975,
            87.88390977981439,
            66.26360020108214,
            0.0,
            81.53770250798648,
            94.12475218962473,
            90.74440324888319,
            61.44240883357975
        ],
        [
            81.81610876323514,
            56.16175873609535,
            30.252261015362162,
            81.53770250798648,
            0.0,
            17.50674949735745,
            11.140189790738686,
            81.81610876323514
        ],
        [
            82.96548391388102,
            48.2884413485032,
            32.73965178712938,
            94.12475218962473,
            17.50674949735745,
            0.0,
            19.840497520593438,
            82.96548391388102
        ],
        [
            92.8660569022433,
            65.03985329597694,
            41.16469290945531,
            90.74440324888319,
            11.140189790738686,
            19.840497520593438,
            0.0,
            92.8660569022433
        ],
        [
            0.0,
            45.97744158605397,
            51.807957187860126,
            61.44240883357975,
            81.81610876323514,
            82.96548391388102,
            92.8660569022433,
            0.0
        ]
    ],
    "scores_ave": [
        0,
        12.154100152346192,
        11.022671913119142,
        19.968485104947277,
        13.416140472343823,
        16.323010080897692,
        14.886936548220215,
        0
    ],
    "scores_var": [
        0,
        17.254229579574314,
        281.91511408223334,
        232.44749246028798,
        16.80859767761666,
        252.0275421193727,
        24.802522780216453,
        0
    ],
    "vertex_number": 8,
    "minimum_distances": {
        "cost": 284.91277934428217,
        "path": [
            0,
            3,
            4,
            6,
            5,
            2,
            1,
            7
        ]
    }
}