{
    "vertices": [
        [
            10.482061787782794,
            54.313998840184375
        ],
        [
            16.296629825686402,
            28.00916848542586
        ],
        [
            17.588860285218967,
            50.77786616120854
        ],
        [
            15.287818763912743,
            16.363810295511037
        ],
        [
            19.346299091428133,
            34.43500713848683
        ],
        [
            25.189822021707098,
            14.04601680688784
        ],
        [
            88.76947998729395,
            72.44371360469832
        ],
        [
            2.986639887421161,
            94.75699648336426
        ],
        [
            47.17823374957257,
            2.5379469863802018
        ],
        [
            3.7000377443193844,
            43.921816658930894
        ],
        [
            83.13036082631791,
            82.11599588108581
        ],
        [
            4.691615754882417,
            58.55757636517449
        ],
        [
            15.577815642989046,
            34.70733162233003
        ],
        [
            88.29000123635286,
            94.80724247423574
        ],
        [
            72.82975278914846,
            98.5773791039764
        ],
        [
            70.3573612131078,
            64.80237295986092
        ],
        [
            10.482061787782794,
            54.313998840184375
        ]
    ],
    "distances": [
        [
            0.0,
            26.93980886086676,
            7.937935449881276,
            38.253262745678015,
            21.765776210636215,
            42.869903057185674,
            80.35923348183321,
            41.13170805875529,
            63.46155199975072,
            12.40940371712026,
            77.78641521920595,
            7.178942503637492,
            20.258038077378902,
            87.71418483483151,
            76.46228747283739,
            60.78698440411915,
            0.0
        ],
        [
            26.93980886086676,
            0.0,
            22.805338265672262,
            11.68897203049837,
            7.112797271508738,
            16.554711481424935,
            85.01025120833062,
            68.06194512794276,
            40.03069554186171,
            20.294987163290134,
            85.99009460564926,
            32.678457362168224,
            6.736622539361159,
            98.20910454580414,
            90.42049735489199,
            65.39344442404388,
            26.93980886086676
        ],
        [
            7.937935449881276,
            22.805338265672262,
            0.0,
            34.49089783131376,
            16.437081011971877,
            37.51004367243615,
            74.40490283990697,
            46.33992602971026,
            56.59170278412697,
            15.488860718280153,
            72.64823925959065,
            15.061965586635363,
            16.19587542920508,
            83.29007930303742,
            73.05032267003702,
            54.60037986243365,
            7.937935449881276
        ],
        [
            38.253262745678015,
            11.68897203049837,
            34.49089783131376,
            0.0,
            18.521323330324098,
            10.169652657454636,
            92.43651925140604,
            79.35244572434338,
            34.758496287963425,
            29.895156525503214,
            94.47730109803668,
            43.5039471008099,
            18.345813496744626,
            107.15731751829935,
            100.35011244432589,
            73.34131754033224,
            38.253262745678015
        ],
        [
            21.765776210636215,
            7.112797271508738,
            16.437081011971877,
            18.521323330324098,
            0.0,
            21.209848820270576,
            79.14695074944287,
            62.50104677359217,
            42.33248201041761,
            18.297678787737457,
            79.63594175290501,
            28.225132236904916,
            3.778310220940019,
            91.64082531755783,
            83.51481126599889,
            59.36586027095893,
            21.765776210636215
        ],
        [
            42.869903057185674,
            16.554711481424935,
            37.51004367243615,
            10.169652657454636,
            21.209848820270576,
            0.0,
            86.32881267751813,
            83.7092798752018,
            24.817854889329386,
            36.801823936973506,
            89.39031316720151,
            49.004646662007374,
            22.787729077890308,
            102.48906374932257,
            97.0315114554455,
            67.9434638985544,
            42.869903057185674
        ],
        [
            80.35923348183321,
            85.01025120833062,
            74.40490283990697,
            92.43651925140604,
            79.14695074944287,
            86.32881267751813,
            0.0,
            88.63734116287395,
            81.34278068827948,
            89.72351201839884,
            11.196102417618672,
            85.21685315311001,
            82.34715693093844,
            22.36866834148241,
            30.61116423103598,
            19.93479883533271,
            80.35923348183321
        ],
        [
            41.13170805875529,
            68.06194512794276,
            46.33992602971026,
            79.35244572434338,
            62.50104677359217,
            83.7092798752018,
            88.63734116287395,
            0.0,
            102.26069654664265,
            50.840185328976766,
            81.13452349128922,
            36.23954966058253,
            61.355520997137084,
            85.30337614705536,
            69.94752135116227,
            73.72986886179947,
            41.13170805875529
        ],
        [
            63.46155199975072,
            40.03069554186171,
            56.59170278412697,
            34.758496287963425,
            42.33248201041761,
            24.817854889329386,
            81.34278068827948,
            102.26069654664265,
            0.0,
            60.02481317710098,
            87.32251317518639,
            70.30868782991331,
            45.09385470733875,
            101.0138619978084,
            99.40610117345962,
            66.4389245230375,
            63.46155199975072
        ],
        [
            12.40940371712026,
            20.294987163290134,
            15.488860718280153,
            29.895156525503214,
            18.297678787737457,
            36.801823936973506,
            89.72351201839884,
            50.840185328976766,
            60.02481317710098,
            0.0,
            88.13609675589655,
            14.669311133449172,
            15.032908644033819,
            98.71569522618198,
            88.12575110808153,
            69.85124482397575,
            12.40940371712026
        ],
        [
            77.78641521920595,
            85.99009460564926,
            72.64823925959065,
            94.47730109803668,
            79.63594175290501,
            89.39031316720151,
            11.196102417618672,
            81.13452349128922,
            87.32251317518639,
            88.13609675589655,
            0.0,
            81.90015786596089,
            82.52834547926618,
            13.699986468935117,
            19.418539171272997,
            21.515367944272526,
            77.78641521920595
        ],
        [
            7.178942503637492,
            32.678457362168224,
            15.061965586635363,
            43.5039471008099,
            28.225132236904916,
            49.004646662007374,
            85.21685315311001,
            36.23954966058253,
            70.30868782991331,
            14.669311133449172,
            81.90015786596089,
            0.0,
            26.217237121737153,
            91.11930831677198,
            79.0214548698835,
            65.96201642683047,
            7.178942503637492
        ],
        [
            20.258038077378902,
            6.736622539361159,
            16.19587542920508,
            18.345813496744626,
            3.778310220940019,
            22.787729077890308,
            82.34715693093844,
            61.355520997137084,
            45.09385470733875,
            15.032908644033819,
            82.52834547926618,
            26.217237121737153,
            0.0,
            94.3348356556092,
            85.77393119296532,
            62.50208097316768,
            20.258038077378902
        ],
        [
            87.71418483483151,
            98.20910454580414,
            83.29007930303742,
            107.15731751829935,
            91.64082531755783,
            102.48906374932257,
            22.36866834148241,
            85.30337614705536,
            101.0138619978084,
            98.71569522618198,
            13.699986468935117,
            91.11930831677198,
            94.3348356556092,
            0.0,
            15.91330299643033,
            34.955282473153474,
            87.71418483483151
        ],
        [
            76.46228747283739,
            90.42049735489199,
            73.05032267003702,
            100.35011244432589,
            83.51481126599889,
            97.0315114554455,
            30.61116423103598,
            69.94752135116227,
            99.40610117345962,
            88.12575110808153,
            19.418539171272997,
            79.0214548698835,
            85.77393119296532,
            15.91330299643033,
            0.0,
            33.86537701163705,
            76.46228747283739
        ],
        [
            60.78698440411915,
            65.39344442404388,
            54.60037986243365,
            73.34131754033224,
            59.36586027095893,
            67.9434638985544,
            19.93479883533271,
            73.72986886179947,
            66.4389245230375,
            69.85124482397575,
            21.515367944272526,
            65.96201642683047,
            62.50208097316768,
            34.955282473153474,
            33.86537701163705,
            0.0,
            60.78698440411915
        ],
        [
            0.0,
            26.93980886086676,
            7.937935449881276,
            38.253262745678015,
            21.765776210636215,
            42.869903057185674,
            80.35923348183321,
            41.13170805875529,
            63.46155199975072,
            12.40940371712026,
            77.78641521920595,
            7.178942503637492,
            20.258038077378902,
            87.71418483483151,
            76.46228747283739,
            60.78698440411915,
            0.0
        ]
    ],
    "scores_ave": [
        0,
        18.0836244623227,
        19.48151543123378,
        18.23204839524094,
        11.495174869052512,
        18.93588724552456,
        10.310454449284844,
        19.87954133817844,
        18.906300562487246,
        11.059802229831964,
        19.725788360271867,
        17.416913558119163,
        16.666683205974948,
        12.712268486730892,
        11.330102133654593,
        19.4366783740374,
        0
    ],
    "scores_var": [
        0,
        23.549977483077615,
        20.013905588505263,
        385.42350071102567,
        20.47241145821768,
        16.566232016414077,
        300.2929864990721,
        286.9986800369461,
        330.51377822100335,
        18.161575690796308,
        19.54643860426298,
        274.7415213030235,
        19.967735826468942,
        331.8760202598191,
        19.197913684996482,
        21.030303375777088,
        0
    ],
    "vertex_number": 17,
    "minimum_distances": {
        "cost": 336.57642063866297,
        "path": [
            0,
            11,
            7,
            14,
            13,
            10,
            6,
            15,
            8,
            5,
            3,
            1,
            4,
            12,
            9,
            2,
            16
        ]
    }
}