{
    "vertices": [
        [
            66.43145571555519,
            46.246107689102644
        ],
        [
            7.465313096913196,
            82.02069660391103
        ],
        [
            78.60642413937882,
            17.165943992739187
        ],
        [
            86.66857923830304,
            69.39453481493129
        ],
        [
            84.16503757199835,
            77.74342685613946
        ],
        [
            50.48162545384282,
            47.02053931540816
        ],
        [
            82.40610200535438,
            9.013304516482368
        ],
        [
            91.60215095579112,
            86.58869941606191
        ],
        [
            79.13611050101832,
            17.967636733843374
        ],
        [
            23.921299928467942,
            66.91051685132018
        ],
        [
            89.36971730570322,
            93.6242183799648
        ],
        [
            59.033886297988644,
            36.02872904257691
        ],
        [
            19.25293275712211,
            44.79830541974119
        ],
        [
            29.13960532646702,
            70.21419947497475
        ],
        [
            4.4059344504083775,
            8.849895182990819
        ],
        [
            47.29930238426148,
            5.246333473736109
        ],
        [
            98.09831202040516,
            43.82141683365612
        ],
        [
            38.78266345857197,
            1.8141158749052644
        ],
        [
            66.43145571555519,
            46.246107689102644
        ]
    ],
    "distances": [
        [
            0.0,
            68.96975559870833,
            31.525954017735888,
            30.747208765589665,
            36.14638350055722,
            15.968620157084892,
            40.51507072899266,
            47.55090541856126,
            31.0012930824705,
            47.26659656740653,
            52.63885653596255,
            12.614232425882909,
            47.200732620909235,
            44.33002965595811,
            72.42680441670372,
            45.24401371234837,
            31.75954839062581,
            52.332185219487236,
            0.0
        ],
        [
            68.96975559870833,
            0.0,
            96.2662797484806,
            80.20334986137003,
            76.81889592443503,
            55.45641657201515,
            104.6240944602489,
            84.26075085461162,
            96.12230583615208,
            22.340927347715667,
            82.72226511891593,
            69.09832720230995,
            39.04426184116058,
            24.681335419860854,
            73.23473204895632,
            86.49306062678404,
            98.35408211575107,
            86.10384443167104,
            68.96975559870833
        ],
        [
            31.525954017735888,
            96.2662797484806,
            0.0,
            52.847176311616494,
            60.83197854220141,
            41.015864771844754,
            8.994614072599543,
            70.62866193021996,
            0.9608740254820307,
            73.92553915153695,
            77.2121506115231,
            27.182510873519977,
            65.47048447427352,
            72.53332732736021,
            74.66504763200199,
            33.499447570287934,
            33.02193097835683,
            42.68032967681592,
            31.525954017735888
        ],
        [
            30.747208765589665,
            80.20334986137003,
            52.847176311616494,
            0.0,
            8.716175720502244,
            42.54516774924435,
            60.531493327983675,
            17.887968756188382,
            51.97560900577092,
            62.796428290389265,
            24.379780813633527,
            43.3238184921867,
            71.76241280040949,
            57.534812848427975,
            102.14105989101968,
            75.265740515328,
            28.01112555315261,
            82.82616708609017,
            30.747208765589665
        ],
        [
            36.14638350055722,
            76.81889592443503,
            60.83197854220141,
            8.716175720502244,
            0.0,
            45.59021902515857,
            68.75262592186452,
            11.556361976967771,
            59.98695851791476,
            61.20996540135468,
            16.711918817228643,
            48.7000079880281,
            72.79397212651958,
            55.53816218389694,
            105.39370587069969,
            81.33210300877047,
            36.67204522275907,
            88.45801346546261,
            36.14638350055722
        ],
        [
            15.968620157084892,
            55.45641657201515,
            41.015864771844754,
            42.54516774924435,
            45.59021902515857,
            0.0,
            49.635895279008395,
            57.066074959710946,
            40.80625762959277,
            33.18225577613681,
            60.697500691798886,
            13.926990292960944,
            31.307659941830025,
            31.518688023374008,
            59.83282857201066,
            41.89524380907189,
            47.72403193603292,
            46.69567894408262,
            15.968620157084892
        ],
        [
            40.51507072899266,
            104.6240944602489,
            8.994614072599543,
            60.531493327983675,
            68.75262592186452,
            49.635895279008395,
            0.0,
            78.11855867925715,
            9.532728355371262,
            82.29556045205523,
            84.89698865604655,
            35.72245273489412,
            72.58711370306789,
            81.1348828319998,
            78.00033872496915,
            35.30831984777041,
            38.18180375835383,
            44.213490110394076,
            40.51507072899266
        ],
        [
            47.55090541856126,
            84.26075085461162,
            70.62866193021996,
            17.887968756188382,
            11.556361976967771,
            57.066074959710946,
            78.11855867925715,
            0.0,
            69.74419264897256,
            70.48353328852077,
            7.3812117632189596,
            60.14152032488327,
            83.55145961816788,
            64.57316667793255,
            116.81824282380443,
            92.62463435094969,
            43.25783822685499,
            99.88307301062297,
            47.55090541856126
        ],
        [
            31.0012930824705,
            96.12230583615208,
            0.9608740254820307,
            51.97560900577092,
            59.98695851791476,
            40.80625762959277,
            9.532728355371262,
            69.74419264897256,
            0.0,
            73.7840146695497,
            76.34556342453129,
            27.024109111929405,
            65.61920266842233,
            72.3142713987489,
            75.28434381425728,
            34.284309934703515,
            32.06217447259793,
            43.466503475063085,
            31.0012930824705
        ],
        [
            47.26659656740653,
            22.340927347715667,
            73.92553915153695,
            62.796428290389265,
            61.20996540135468,
            33.18225577613681,
            82.29556045205523,
            70.48353328852077,
            73.7840146695497,
            0.0,
            70.6902906101418,
            46.76086547339875,
            22.59963598028411,
            6.176166295091433,
            61.25263486785786,
            65.94696740902802,
            77.68742280776918,
            66.77126287600151,
            47.26659656740653
        ],
        [
            52.63885653596255,
            82.72226511891593,
            77.2121506115231,
            24.379780813633527,
            16.711918817228643,
            60.697500691798886,
            84.89698865604655,
            7.3812117632189596,
            76.34556342453129,
            70.6902906101418,
            0.0,
            65.09610614270088,
            85.44198763975166,
            64.61962065938893,
            120.02304058215945,
            97.88038798534093,
            50.561916573193,
            104.82435279515012,
            52.63885653596255
        ],
        [
            12.614232425882909,
            69.09832720230995,
            27.182510873519977,
            43.3238184921867,
            48.7000079880281,
            13.926990292960944,
            35.72245273489412,
            60.14152032488327,
            27.024109111929405,
            46.76086547339875,
            65.09610614270088,
            0.0,
            40.736098665133596,
            45.41271213535508,
            61.01558926232321,
            32.94322899451258,
            39.83409770575244,
            39.75866925219105,
            12.614232425882909
        ],
        [
            47.200732620909235,
            39.04426184116058,
            65.47048447427352,
            71.76241280040949,
            72.79397212651958,
            31.307659941830025,
            72.58711370306789,
            83.55145961816788,
            65.61920266842233,
            22.59963598028411,
            85.44198763975166,
            40.736098665133596,
            0.0,
            27.271119616185427,
            38.893721309091255,
            48.48667171584062,
            78.85143082075663,
            47.21282592789311,
            47.200732620909235
        ],
        [
            44.33002965595811,
            24.681335419860854,
            72.53332732736021,
            57.534812848427975,
            55.53816218389694,
            31.518688023374008,
            81.1348828319998,
            64.57316667793255,
            72.3142713987489,
            6.176166295091433,
            64.61962065938893,
            45.41271213535508,
            27.271119616185427,
            0.0,
            66.16141108111577,
            67.45812189785428,
            73.83686209781993,
            69.0764794024395,
            44.33002965595811
        ],
        [
            72.42680441670372,
            73.23473204895632,
            74.66504763200199,
            102.14105989101968,
            105.39370587069969,
            59.83282857201066,
            78.00033872496915,
            116.81824282380443,
            75.28434381425728,
            61.25263486785786,
            120.02304058215945,
            61.01558926232321,
            38.893721309091255,
            66.16141108111577,
            0.0,
            43.04447316092165,
            100.00634450514522,
            35.089338662516866,
            72.42680441670372
        ],
        [
            45.24401371234837,
            86.49306062678404,
            33.499447570287934,
            75.265740515328,
            81.33210300877047,
            41.89524380907189,
            35.30831984777041,
            92.62463435094969,
            34.284309934703515,
            65.94696740902802,
            97.88038798534093,
            32.94322899451258,
            48.48667171584062,
            67.45812189785428,
            43.04447316092165,
            0.0,
            63.785393596322635,
            9.182225015555543,
            45.24401371234837
        ],
        [
            31.75954839062581,
            98.35408211575107,
            33.02193097835683,
            28.01112555315261,
            36.67204522275907,
            47.72403193603292,
            38.18180375835383,
            43.25783822685499,
            32.06217447259793,
            77.68742280776918,
            50.561916573193,
            39.83409770575244,
            78.85143082075663,
            73.83686209781993,
            100.00634450514522,
            63.785393596322635,
            0.0,
            72.68397002193795,
            31.75954839062581
        ],
        [
            52.332185219487236,
            86.10384443167104,
            42.68032967681592,
            82.82616708609017,
            88.45801346546261,
            46.69567894408262,
            44.213490110394076,
            99.88307301062297,
            43.466503475063085,
            66.77126287600151,
            104.82435279515012,
            39.75866925219105,
            47.21282592789311,
            69.0764794024395,
            35.089338662516866,
            9.182225015555543,
            72.68397002193795,
            0.0,
            52.332185219487236
        ],
        [
            0.0,
            68.96975559870833,
            31.525954017735888,
            30.747208765589665,
            36.14638350055722,
            15.968620157084892,
            40.51507072899266,
            47.55090541856126,
            31.0012930824705,
            47.26659656740653,
            52.63885653596255,
            12.614232425882909,
            47.200732620909235,
            44.33002965595811,
            72.42680441670372,
            45.24401371234837,
            31.75954839062581,
            52.332185219487236,
            0.0
        ]
    ],
    "scores_ave": [
        0,
        18.210463568143922,
        17.85440764220769,
        16.780182595371144,
        13.560320076018277,
        15.600741878040616,
        11.452483055579645,
        17.944067717597573,
        13.10978648751637,
        14.674251349517295,
        15.58258113339374,
        18.49008567109611,
        14.50425165765374,
        18.88181389151182,
        14.73775665123787,
        16.354428032090798,
        11.33492753566587,
        12.057530989055802,
        0
    ],
    "scores_var": [
        0,
        355.22791990967715,
        18.46906279300203,
        17.032936430433413,
        251.0908008879478,
        383.8219029069822,
        391.5428061711002,
        24.615368538229728,
        386.3769777570439,
        317.3214043382674,
        24.110326486786484,
        242.7828622691732,
        235.20364887904452,
        21.48327477430341,
        241.99101018021022,
        299.62481018680893,
        306.6913926774547,
        320.4987525032703,
        0
    ],
    "vertex_number": 19,
    "minimum_distances": {
        "cost": 430.3494990408415,
        "path": [
            0,
            5,
            12,
            1,
            9,
            13,
            10,
            7,
            4,
            3,
            16,
            8,
            2,
            6,
            15,
            17,
            14,
            11,
            18
        ]
    }
}