{
    "vertices": [
        [
            19.781264315847736,
            91.25111000228613
        ],
        [
            97.61135561382211,
            72.02288063531893
        ],
        [
            3.0705988343594726,
            13.649851912719546
        ],
        [
            82.18463690057985,
            48.83915360019932
        ],
        [
            45.81730539750458,
            85.35554342335575
        ],
        [
            51.73494844105969,
            32.86323288118304
        ],
        [
            45.926240458093304,
            47.01523973394399
        ],
        [
            64.37939164297609,
            86.09163448735266
        ],
        [
            11.401677105782204,
            45.75444191888124
        ],
        [
            73.69547668573246,
            18.554244687570986
        ],
        [
            48.64921678177346,
            50.59497920462762
        ],
        [
            3.2323143042223834,
            17.665397564412643
        ],
        [
            69.04584280010255,
            12.709272111964786
        ],
        [
            85.58356395654498,
            64.78212796774531
        ],
        [
            19.28417990944793,
            61.61169069807511
        ],
        [
            67.28851902297912,
            81.86788276166871
        ],
        [
            91.99414156779788,
            71.04813410080043
        ],
        [
            19.781264315847736,
            91.25111000228613
        ]
    ],
    "distances": [
        [
            0.0,
            80.17011859813934,
            79.38010832644238,
            75.45167298212418,
            26.69518946350304,
            66.55961330929482,
            51.384550167109424,
            44.89558050271709,
            46.26190969364112,
            90.50732855438207,
            49.862607743791976,
            75.42363569516311,
            92.71363973235448,
            70.9263677904695,
            29.643587326737677,
            48.42503694637023,
            74.9857311512079,
            0.0
        ],
        [
            80.17011859813934,
            0.0,
            111.10969883265332,
            27.847241326501894,
            53.482553555621514,
            60.31685292941838,
            57.41718586027243,
            36.08730059603686,
            90.12291351847676,
            58.57358017925698,
            53.44572947142016,
            108.91344914345058,
            65.83382624739721,
            14.039097953352982,
            79.01607007269642,
            31.88100509367292,
            5.701159921051832,
            80.17011859813934
        ],
        [
            79.38010832644238,
            111.10969883265332,
            0.0,
            86.58705430025803,
            83.48045949211205,
            52.319909507590495,
            54.31256874281146,
            94.90300278832224,
            33.16792976096502,
            70.79496055519326,
            58.67156759974647,
            4.018800663633906,
            65.98194833968535,
            97.07161824046389,
            50.62823511590053,
            93.68906556402462,
            105.83930862589858,
            79.38010832644238
        ],
        [
            75.45167298212418,
            27.847241326501894,
            86.58705430025803,
            0.0,
            51.53668136746189,
            34.386240999884365,
            36.30424182340184,
            41.28891002352989,
            70.85014356703026,
            31.452210558234896,
            33.581353845519835,
            84.88387543425455,
            38.44471676015586,
            16.301261816681563,
            64.18415064180446,
            36.232461658643544,
            24.278904355268025,
            75.45167298212418
        ],
        [
            26.69518946350304,
            53.482553555621514,
            83.48045949211205,
            51.53668136746189,
            0.0,
            52.82481580892482,
            38.340458445925584,
            18.576675586304955,
            52.46601481989742,
            72.38512241588967,
            34.87573005533611,
            79.97147812076452,
            76.26955936225224,
            44.772991225666445,
            35.60586033793845,
            21.752627230793124,
            48.342550203948186,
            26.69518946350304
        ],
        [
            66.55961330929482,
            60.31685292941838,
            52.319909507590495,
            34.386240999884365,
            52.82481580892482,
            0.0,
            15.29772487633277,
            54.709639748714956,
            42.34331171576863,
            26.210912687466635,
            17.99823790130889,
            50.8279422810679,
            26.56782260926044,
            46.52466696132408,
            43.353502801294695,
            51.413707002663536,
            55.48774019878572,
            66.55961330929482
        ],
        [
            51.384550167109424,
            57.41718586027243,
            54.31256874281146,
            36.30424182340184,
            38.340458445925584,
            15.29772487633277,
            0.0,
            43.21438898765509,
            34.54757713354454,
            39.76378653619516,
            4.497681039968597,
            51.809116628336604,
            41.36925702660038,
            43.4553290698993,
            30.378541291937808,
            40.878523352755636,
            51.95990304361624,
            51.384550167109424
        ],
        [
            44.89558050271709,
            36.08730059603686,
            94.90300278832224,
            41.28891002352989,
            18.576675586304955,
            54.709639748714956,
            43.21438898765509,
            0.0,
            66.58623988400569,
            68.1768909638121,
            38.82590549394338,
            91.76663318715495,
            73.53058461752218,
            30.061802866972393,
            51.3112635706618,
            5.128654867828548,
            31.446483385120228,
            44.89558050271709
        ],
        [
            46.26190969364112,
            90.12291351847676,
            33.16792976096502,
            70.85014356703026,
            52.46601481989742,
            42.34331171576863,
            34.54757713354454,
            66.58623988400569,
            0.0,
            67.9732903097179,
            37.560750965991666,
            29.25291269823936,
            66.44421032838152,
            76.58332176860382,
            17.708364952616133,
            66.53961007537742,
            84.46843311116254,
            46.26190969364112
        ],
        [
            90.50732855438207,
            58.57358017925698,
            70.79496055519326,
            31.452210558234896,
            72.38512241588967,
            26.210912687466635,
            39.76378653619516,
            68.1768909638121,
            67.9732903097179,
            0.0,
            40.66846202611021,
            70.46876827369273,
            7.46878836759929,
            47.73199986931069,
            69.38683501806656,
            63.63698510041272,
            55.59181200675596,
            90.50732855438207
        ],
        [
            49.862607743791976,
            53.44572947142016,
            58.67156759974647,
            33.581353845519835,
            34.87573005533611,
            17.99823790130889,
            4.497681039968597,
            38.82590549394338,
            37.560750965991666,
            40.66846202611021,
            0.0,
            56.09859514867523,
            43.027307083323514,
            39.565403969293484,
            31.363566803584316,
            36.40629183159152,
            47.92821767928526,
            49.862607743791976
        ],
        [
            75.42363569516311,
            108.91344914345058,
            4.018800663633906,
            84.88387543425455,
            79.97147812076452,
            50.8279422810679,
            51.809116628336604,
            91.76663318715495,
            29.25291269823936,
            70.46876827369273,
            56.09859514867523,
            0.0,
            65.99987661032733,
            94.87736612701416,
            46.78609910644412,
            90.69264837061027,
            103.57788634299412,
            75.42363569516311
        ],
        [
            92.71363973235448,
            65.83382624739721,
            65.98194833968535,
            38.44471676015586,
            76.26955936225224,
            26.56782260926044,
            41.36925702660038,
            73.53058461752218,
            66.44421032838152,
            7.46878836759929,
            43.027307083323514,
            65.99987661032733,
            0.0,
            54.63587226378965,
            69.76868665249691,
            69.1809338897285,
            62.69008880583771,
            92.71363973235448
        ],
        [
            70.9263677904695,
            14.039097953352982,
            97.07161824046389,
            16.301261816681563,
            44.772991225666445,
            46.52466696132408,
            43.4553290698993,
            30.061802866972393,
            76.58332176860382,
            47.73199986931069,
            39.565403969293484,
            94.87736612701416,
            54.63587226378965,
            0.0,
            66.3751459320835,
            25.032612448549397,
            8.964281241091296,
            70.9263677904695
        ],
        [
            29.643587326737677,
            79.01607007269642,
            50.62823511590053,
            64.18415064180446,
            35.60586033793845,
            43.353502801294695,
            30.378541291937808,
            51.3112635706618,
            17.708364952616133,
            69.38683501806656,
            31.363566803584316,
            46.78609910644412,
            69.76868665249691,
            66.3751459320835,
            0.0,
            52.10306987735073,
            73.31974487443037,
            29.643587326737677
        ],
        [
            48.42503694637023,
            31.88100509367292,
            93.68906556402462,
            36.232461658643544,
            21.752627230793124,
            51.413707002663536,
            40.878523352755636,
            5.128654867828548,
            66.53961007537742,
            63.63698510041272,
            36.40629183159152,
            90.69264837061027,
            69.1809338897285,
            25.032612448549397,
            52.10306987735073,
            0.0,
            26.970998246476128,
            48.42503694637023
        ],
        [
            74.9857311512079,
            5.701159921051832,
            105.83930862589858,
            24.278904355268025,
            48.342550203948186,
            55.48774019878572,
            51.95990304361624,
            31.446483385120228,
            84.46843311116254,
            55.59181200675596,
            47.92821767928526,
            103.57788634299412,
            62.69008880583771,
            8.964281241091296,
            73.31974487443037,
            26.970998246476128,
            0.0,
            74.9857311512079
        ],
        [
            0.0,
            80.17011859813934,
            79.38010832644238,
            75.45167298212418,
            26.69518946350304,
            66.55961330929482,
            51.384550167109424,
            44.89558050271709,
            46.26190969364112,
            90.50732855438207,
            49.862607743791976,
            75.42363569516311,
            92.71363973235448,
            70.9263677904695,
            29.643587326737677,
            48.42503694637023,
            74.9857311512079,
            0.0
        ]
    ],
    "scores_ave": [
        0,
        12.087192316580055,
        14.57186490733951,
        17.69371151781339,
        17.731636104326657,
        13.649123870418546,
        10.997461594054679,
        15.340732031977186,
        13.77291326491322,
        11.934013947126317,
        16.20578658355644,
        17.816907781132507,
        12.686724363153708,
        11.305466939056188,
        16.669925593020018,
        13.972346252540634,
        12.41389261042203,
        0
    ],
    "scores_var": [
        0,
        20.22770949535458,
        16.3486667798294,
        18.322795459478787,
        351.65389454333535,
        232.47343495905378,
        22.70684612339315,
        380.45430380945476,
        21.351772714819624,
        22.896308691946423,
        278.9412291774469,
        17.523355804350153,
        290.22288203612374,
        19.147016749844745,
        280.9536500845679,
        19.828299991431106,
        336.1967195876987,
        0
    ],
    "vertex_number": 18,
    "minimum_distances": {
        "cost": 336.1692028505448,
        "path": [
            0,
            14,
            8,
            11,
            2,
            6,
            10,
            5,
            12,
            9,
            3,
            13,
            16,
            1,
            15,
            7,
            4,
            17
        ]
    }
}