{
    "vertices": [
        [
            85.0478059645022,
            37.47834029723629
        ],
        [
            51.549021054514846,
            40.95084299715492
        ],
        [
            68.32262287080464,
            64.26874892953555
        ],
        [
            72.56320686735333,
            63.322957002565225
        ],
        [
            41.68262871485546,
            22.275423593191
        ],
        [
            16.08673875984037,
            16.897258146461237
        ],
        [
            92.98882067602187,
            54.0108691801473
        ],
        [
            78.26149590000324,
            78.3457387124813
        ],
        [
            86.83207774837123,
            61.489736166937256
        ],
        [
            89.49291233988662,
            12.923914214743892
        ],
        [
            64.35489352762552,
            70.86098140278193
        ],
        [
            60.18799277007902,
            77.86663666612506
        ],
        [
            26.36630422444821,
            96.41469749337756
        ],
        [
            16.202096120342546,
            51.309077815147695
        ],
        [
            55.27210920976928,
            81.11829308154557
        ],
        [
            83.07984688177199,
            67.91566364072845
        ],
        [
            60.34161505900981,
            30.689535005589697
        ],
        [
            66.42801433159944,
            88.91990861495093
        ],
        [
            74.99805359902435,
            10.055074351553506
        ],
        [
            85.0478059645022,
            37.47834029723629
        ]
    ],
    "distances": [
        [
            0.0,
            33.67828477589883,
            31.582554428090226,
            28.7020805389069,
            45.95288102179686,
            71.96672656514839,
            18.340780406320196,
            41.42702327614055,
            24.077598663699916,
            24.953533035004604,
            39.27591313135713,
            47.425992827170326,
            83.16858088256113,
            70.22122944121375,
            52.83027158974821,
            30.500877286851825,
            25.62193877025163,
            54.70769225107945,
            29.206729322796015,
            0.0
        ],
        [
            33.67828477589883,
            0.0,
            28.7241789258247,
            30.693769570510202,
            21.121481664742216,
            42.85030232935007,
            43.449065312974234,
            45.9557889490648,
            40.82572990531358,
            47.1725303842231,
            32.53623747825396,
            37.913159384470895,
            60.91312159560925,
            36.83338337495877,
            40.33962607280601,
            41.48848671244729,
            13.513110338691131,
            50.2236567484283,
            38.78666842455012,
            33.67828477589883
        ],
        [
            31.582554428090226,
            28.7241789258247,
            0.0,
            4.344775598452367,
            49.730560638636305,
            70.51698893078876,
            26.714142530109648,
            17.232029434738404,
            18.716912987973153,
            55.53803388754411,
            7.694179951239034,
            15.845338676485357,
            52.85541300021949,
            53.70756356546751,
            21.31250911899877,
            15.201172567291856,
            34.5146359308924,
            24.723859232584985,
            54.623107625386865,
            31.582554428090226
        ],
        [
            28.7020805389069,
            30.693769570510202,
            4.344775598452367,
            0.0,
            51.36642975744199,
            73.10907579894977,
            22.448177633680984,
            16.06718606985702,
            14.386152190608202,
            53.16651616680718,
            11.144425500734254,
            19.09619182218331,
            56.82620084529074,
            57.62732075818447,
            24.812417140777885,
            11.475742740977605,
            34.84691575394379,
            26.32193988477265,
            53.32350139224434,
            28.7020805389069
        ],
        [
            45.95288102179686,
            21.121481664742216,
            49.730560638636305,
            51.36642975744199,
            0.0,
            26.154813059198887,
            60.327968970940184,
            66.94694736972849,
            59.80163090302398,
            48.71625958508213,
            53.615184597364525,
            58.59037011093815,
            75.70483293913496,
            38.62914209221037,
            60.39169868239486,
            61.61786415931767,
            20.468391296132594,
            71.09023486483177,
            35.48597569181788,
            45.95288102179686
        ],
        [
            71.96672656514839,
            42.85030232935007,
            70.51698893078876,
            73.10907579894977,
            26.154813059198887,
            0.0,
            85.38940406750028,
            87.41633822867885,
            83.62650348190328,
            73.51362990400892,
            72.40095436091728,
            75.24749645237132,
            80.17912837161349,
            34.412013022065686,
            75.23187213828646,
            84.20780388428554,
            46.35429836825965,
            87.87210141278075,
            59.30732244137106,
            71.96672656514839
        ],
        [
            18.340780406320196,
            43.449065312974234,
            26.714142530109648,
            22.448177633680984,
            60.327968970940184,
            85.38940406750028,
            0.0,
            28.44433107341514,
            9.687049854484739,
            41.23541249246511,
            33.2239080460901,
            40.55850038722232,
            78.97242780843267,
            76.83424200556516,
            46.44741924368508,
            17.07428097010645,
            40.12137413251013,
            43.86476339759039,
            47.495048152751785,
            18.340780406320196
        ],
        [
            41.42702327614055,
            45.9557889490648,
            17.232029434738404,
            16.06718606985702,
            66.94694736972849,
            87.41633822867885,
            28.44433107341514,
            0.0,
            18.90977776270685,
            66.37891107768218,
            15.792883888907681,
            18.0798521608503,
            54.950870698000074,
            67.69305823708335,
            23.155970247919296,
            11.48925464013711,
            50.914004763995464,
            15.869604757398553,
            68.36859582080587,
            41.42702327614055
        ],
        [
            24.077598663699916,
            40.82572990531358,
            18.716912987973153,
            14.386152190608202,
            59.80163090302398,
            83.62650348190328,
            9.687049854484739,
            18.90977776270685,
            0.0,
            48.638658519901135,
            24.35249571940588,
            31.274752345794116,
            69.82737780770304,
            71.35993350089063,
            37.16600409927819,
            7.441221699068284,
            40.6250785239355,
            34.18684197821456,
            52.77848580274182,
            24.077598663699916
        ],
        [
            24.953533035004604,
            47.1725303842231,
            55.53803388754411,
            53.16651616680718,
            48.71625958508213,
            73.51362990400892,
            41.23541249246511,
            66.37891107768218,
            48.638658519901135,
            0.0,
            63.155551966211384,
            71.24840707264984,
            104.66938207823675,
            82.73430078725963,
            76.29899524829365,
            55.36442823239789,
            34.13818119411442,
            79.41901966789183,
            14.77603370590977,
            24.953533035004604
        ],
        [
            39.27591313135713,
            32.53623747825396,
            7.694179951239034,
            11.144425500734254,
            53.615184597364525,
            72.40095436091728,
            33.2239080460901,
            15.792883888907681,
            24.35249571940588,
            63.155551966211384,
            0.0,
            8.151212645493239,
            45.78346124185286,
            51.970845981636494,
            13.700708515985449,
            18.955178048080388,
            40.37141946611666,
            18.17753233863957,
            61.73034252803113,
            39.27591313135713
        ],
        [
            47.425992827170326,
            37.913159384470895,
            15.845338676485357,
            19.09619182218331,
            58.59037011093815,
            75.24749645237132,
            40.55850038722232,
            18.0798521608503,
            31.274752345794116,
            71.24840707264984,
            8.151212645493239,
            0.0,
            38.573788724069,
            51.381543731231204,
            5.893995302209607,
            24.96114678501781,
            47.177351779176256,
            12.693017366368823,
            69.4099840462457,
            47.425992827170326
        ],
        [
            83.16858088256113,
            60.91312159560925,
            52.85541300021949,
            56.82620084529074,
            75.70483293913496,
            80.17912837161349,
            78.97242780843267,
            54.950870698000074,
            69.82737780770304,
            104.66938207823675,
            45.78346124185286,
            38.573788724069,
            0.0,
            46.23665270043544,
            32.70360148026094,
            63.47141759310661,
            73.98728762666728,
            40.75674762590374,
            99.1112080262846,
            83.16858088256113
        ],
        [
            70.22122944121375,
            36.83338337495877,
            53.70756356546751,
            57.62732075818447,
            38.62914209221037,
            34.412013022065686,
            76.83424200556516,
            67.69305823708335,
            71.35993350089063,
            82.73430078725963,
            51.970845981636494,
            51.381543731231204,
            46.23665270043544,
            0.0,
            49.14321151091394,
            68.90872397374847,
            48.71819657799497,
            62.74725056618254,
            71.82518651287444,
            70.22122944121375
        ],
        [
            52.83027158974821,
            40.33962607280601,
            21.31250911899877,
            24.812417140777885,
            60.39169868239486,
            75.23187213828646,
            46.44741924368508,
            23.155970247919296,
            37.16600409927819,
            76.29899524829365,
            13.700708515985449,
            5.893995302209607,
            32.70360148026094,
            49.14321151091394,
            0.0,
            30.78278250234129,
            50.68293135404432,
            13.613207704958741,
            73.75021314080848,
            52.83027158974821
        ],
        [
            30.500877286851825,
            41.48848671244729,
            15.201172567291856,
            11.475742740977605,
            61.61786415931767,
            84.20780388428554,
            17.07428097010645,
            11.48925464013711,
            7.441221699068284,
            55.36442823239789,
            18.955178048080388,
            24.96114678501781,
            63.47141759310661,
            68.90872397374847,
            30.78278250234129,
            0.0,
            43.62123152302755,
            26.804138378544007,
            58.42228321073776,
            30.500877286851825
        ],
        [
            25.62193877025163,
            13.513110338691131,
            34.5146359308924,
            34.84691575394379,
            20.468391296132594,
            46.35429836825965,
            40.12137413251013,
            50.914004763995464,
            40.6250785239355,
            34.13818119411442,
            40.37141946611666,
            47.177351779176256,
            73.98728762666728,
            48.71819657799497,
            50.68293135404432,
            43.62123152302755,
            0.0,
            58.547593176758106,
            25.309922108931726,
            25.62193877025163
        ],
        [
            54.70769225107945,
            50.2236567484283,
            24.723859232584985,
            26.32193988477265,
            71.09023486483177,
            87.87210141278075,
            43.86476339759039,
            15.869604757398553,
            34.18684197821456,
            79.41901966789183,
            18.17753233863957,
            12.693017366368823,
            40.75674762590374,
            62.74725056618254,
            13.613207704958741,
            26.804138378544007,
            58.547593176758106,
            0.0,
            79.32910976708581,
            54.70769225107945
        ],
        [
            29.206729322796015,
            38.78666842455012,
            54.623107625386865,
            53.32350139224434,
            35.48597569181788,
            59.30732244137106,
            47.495048152751785,
            68.36859582080587,
            52.77848580274182,
            14.77603370590977,
            61.73034252803113,
            69.4099840462457,
            99.1112080262846,
            71.82518651287444,
            73.75021314080848,
            58.42228321073776,
            25.309922108931726,
            79.32910976708581,
            0.0,
            29.206729322796015
        ],
        [
            0.0,
            33.67828477589883,
            31.582554428090226,
            28.7020805389069,
            45.95288102179686,
            71.96672656514839,
            18.340780406320196,
            41.42702327614055,
            24.077598663699916,
            24.953533035004604,
            39.27591313135713,
            47.425992827170326,
            83.16858088256113,
            70.22122944121375,
            52.83027158974821,
            30.500877286851825,
            25.62193877025163,
            54.70769225107945,
            29.206729322796015,
            0.0
        ]
    ],
    "scores_ave": [
        0,
        19.480661390497104,
        13.71634537206646,
        14.688841423334079,
        13.668509715706957,
        10.102798576183375,
        16.048252855264426,
        12.806975975331316,
        12.970024619510337,
        11.287695625218696,
        15.29767875882482,
        17.1712091675847,
        19.83226213589085,
        17.945594820955684,
        10.88114427929509,
        15.341915352128638,
        14.624069926155023,
        12.229441637960543,
        11.16206067640507,
        0
    ],
    "scores_var": [
        0,
        264.1269046075159,
        22.24938151200843,
        360.5142225194527,
        277.82357922761406,
        240.1526769077694,
        299.42792625110076,
        24.959985275652542,
        269.8640152526725,
        16.497817257775893,
        324.0964683003157,
        22.57920344247909,
        21.6791083893894,
        286.47766964491007,
        343.84189926858807,
        24.364331092043905,
        24.201297705380036,
        22.284313563862,
        21.111852328335416,
        0
    ],
    "vertex_number": 20,
    "minimum_distances": {
        "cost": 348.70304705162,
        "path": [
            0,
            9,
            18,
            16,
            1,
            4,
            5,
            13,
            12,
            14,
            17,
            11,
            10,
            2,
            3,
            7,
            15,
            8,
            6,
            19
        ]
    }
}