{
    "vertices": [
        [
            95.21116855567628,
            66.78271249734516
        ],
        [
            34.66229328920154,
            73.5549168067483
        ],
        [
            85.07475556384506,
            88.95480990508945
        ],
        [
            27.72799985150255,
            26.06563384841141
        ],
        [
            56.930396471507436,
            44.14842399814993
        ],
        [
            47.90812725258328,
            70.0318262062923
        ],
        [
            2.2863844273839917,
            67.26685502536725
        ],
        [
            7.375776917226451,
            22.823245448335783
        ],
        [
            82.49635347816968,
            57.834021227453206
        ],
        [
            85.6725496329572,
            62.19531523594045
        ],
        [
            40.1657861137932,
            48.96450330863603
        ],
        [
            20.695761672049173,
            51.30732583561364
        ],
        [
            34.436558811857545,
            63.778918200820996
        ],
        [
            91.72397606566149,
            96.5076923970573
        ],
        [
            35.71584958866718,
            38.26311570062085
        ],
        [
            48.729013645694394,
            57.89052337615503
        ],
        [
            92.55123563309121,
            23.64305792236241
        ],
        [
            9.0268148277726,
            23.762625026495144
        ],
        [
            88.50435539660594,
            7.447088132824719
        ],
        [
            45.060791375157386,
            52.917777527497876
        ],
        [
            89.63898227468292,
            12.536395393347666
        ],
        [
            95.21116855567628,
            66.78271249734516
        ]
    ],
    "distances": [
        [
            0.0,
            60.926423227064745,
            24.379269304051462,
            78.81534464848473,
            44.4716598208891,
            47.41449626871291,
            92.92604532248836,
            98.22164103451338,
            15.548170242798012,
            10.584397223592752,
            57.85743432667723,
            76.10541015829689,
            60.848795959240626,
            29.928831275221995,
            65.97772639636713,
            47.32506473785921,
            43.221580720763576,
            96.32481899020632,
            59.71346298346924,
            52.0316898924723,
            54.53175386229148,
            0.0
        ],
        [
            60.926423227064745,
            0.0,
            52.71217183945935,
            47.99287886110919,
            36.886450610487984,
            13.706359281898987,
            32.98089137053729,
            57.604309339979395,
            50.351205268364,
            52.259800995633,
            25.1987473751866,
            26.268218619309323,
            9.778604440172138,
            61.50500425640527,
            35.30752336529145,
            21.05340454976781,
            76.4350920911922,
            56.00401839757798,
            85.25967783165983,
            23.10887881475014,
            82.13218788808672,
            60.926423227064745
        ],
        [
            24.379269304051462,
            52.71217183945935,
            0.0,
            85.10992219370745,
            52.912353630886955,
            41.70656509582668,
            85.58201786761799,
            102.03193176758667,
            31.227418164707554,
            26.766171050362793,
            60.133519427554184,
            74.57873632129554,
            56.551326186023715,
            10.062711722952736,
            70.75273464952295,
            47.81216218842807,
            65.73828946115866,
            100.16641283105834,
            81.57984348794616,
            53.84965211287036,
            76.55459647830634,
            24.379269304051462
        ],
        [
            78.81534464848473,
            47.99287886110919,
            85.10992219370745,
            0.0,
            34.347740361653386,
            48.37627117062696,
            48.42330453264401,
            20.608883058123723,
            63.315108746969116,
            68.28561141660693,
            26.05871734492767,
            26.202965255660494,
            38.305307464766045,
            95.17125923394127,
            14.580271155177458,
            38.129597084639144,
            64.86848827676586,
            18.842456605379393,
            63.5642638430448,
            31.960339206034472,
            63.37199726833078,
            78.81534464848473
        ],
        [
            44.4716598208891,
            36.886450610487984,
            52.912353630886955,
            34.347740361653386,
            0.0,
            27.41079808628737,
            59.33321081349393,
            53.94834158109942,
            28.998512534080362,
            33.938203424826085,
            17.442671251011745,
            36.935059693583185,
            29.855134153103148,
            62.86561992252644,
            22.01576374330883,
            16.003373880857414,
            41.101267869464536,
            52.06086758795603,
            48.41387132323973,
            14.757678898322267,
            45.48815161945503,
            44.4716598208891
        ],
        [
            47.41449626871291,
            13.706359281898987,
            41.70656509582668,
            48.37627117062696,
            27.41079808628737,
            0.0,
            45.705453548126705,
            62.22155190035525,
            36.676039040961534,
            38.56893182228063,
            22.444953561625226,
            33.03210188014354,
            14.852003729397747,
            51.193750573305536,
            34.02796793561417,
            12.169021689663229,
            64.38109154692793,
            60.436706012921306,
            74.5982786614147,
            17.349293466277572,
            71.04356990777984,
            47.41449626871291
        ],
        [
            92.92604532248836,
            32.98089137053729,
            85.58201786761799,
            48.42330453264401,
            59.33321081349393,
            45.705453548126705,
            0.0,
            44.734062504441376,
            80.76272338515503,
            83.54024816534177,
            42.06928987376986,
            24.36414871270888,
            32.33882212208857,
            94.0962771221737,
            44.25772289428464,
            47.37967289783117,
            100.25357368629109,
            44.02330552988095,
            104.93780552845446,
            45.117024666677494,
            103.08200406571488,
            92.92604532248836
        ],
        [
            98.22164103451338,
            57.604309339979395,
            102.03193176758667,
            20.608883058123723,
            53.94834158109942,
            62.22155190035525,
            44.734062504441376,
            0.0,
            82.87855840628606,
            87.63871574286567,
            41.9350696390222,
            31.44463116936843,
            49.088216991019884,
            112.00007331123945,
            32.2730431231692,
            54.21996098474831,
            85.17940396569203,
            1.8995684178053323,
            82.57283124536897,
            48.22697560243831,
            82.90388555271015,
            98.22164103451338
        ],
        [
            15.548170242798012,
            50.351205268364,
            31.227418164707554,
            63.315108746969116,
            28.998512534080362,
            36.676039040961534,
            80.76272338515503,
            82.87855840628606,
            0.0,
            5.395285668262037,
            43.24980094176427,
            62.144274879707055,
            48.42608453501111,
            39.7592990425115,
            50.7093274190849,
            33.76738710434493,
            35.63877981748849,
            80.98538848820107,
            50.743857891714356,
            37.75699620051681,
            45.85730097085311,
            15.548170242798012
        ],
        [
            10.584397223592752,
            52.259800995633,
            26.766171050362793,
            68.28561141660693,
            33.938203424826085,
            38.56893182228063,
            83.54024816534177,
            87.63871574286567,
            5.395285668262037,
            0.0,
            47.39113746519296,
            65.88270855769692,
            51.26045799415166,
            34.841914245878705,
            55.39333943637554,
            37.19349518663521,
            39.16111419585468,
            85.74170712414046,
            54.82141456417711,
            41.6579838052869,
            49.817074460815164,
            10.584397223592752
        ],
        [
            57.85743432667723,
            25.1987473751866,
            60.133519427554184,
            26.05871734492767,
            17.442671251011745,
            22.444953561625226,
            42.06928987376986,
            41.9350696390222,
            43.24980094176427,
            47.39113746519296,
            0.0,
            19.610473455656894,
            15.883668785108702,
            70.1327439917355,
            11.589720954994194,
            12.369426017760986,
            58.18428411340091,
            40.05958314435461,
            63.72058570972159,
            6.2920150634197265,
            61.43780745324305,
            57.85743432667723
        ],
        [
            76.10541015829689,
            26.268218619309323,
            74.57873632129554,
            26.202965255660494,
            36.935059693583185,
            33.03210188014354,
            24.36414871270888,
            31.44463116936843,
            62.144274879707055,
            65.88270855769692,
            19.610473455656894,
            0.0,
            18.55667325145497,
            84.19073807274664,
            19.893578337463147,
            28.795862655521784,
            76.99688862117827,
            29.91445909787448,
            80.75720298677479,
            24.41819459102655,
            79.09710939359572,
            76.10541015829689
        ],
        [
            60.848795959240626,
            9.778604440172138,
            56.551326186023715,
            38.305307464766045,
            29.855134153103148,
            14.852003729397747,
            32.33882212208857,
            49.088216991019884,
            48.42608453501111,
            51.26045799415166,
            15.883668785108702,
            18.55667325145497,
            0.0,
            65.97742671550367,
            25.54785239742962,
            15.457925436112676,
            70.62721106151922,
            47.4020970923264,
            78.0807383823907,
            15.193376658425688,
            75.32000862880672,
            60.848795959240626
        ],
        [
            29.928831275221995,
            61.50500425640527,
            10.062711722952736,
            95.17125923394127,
            62.86561992252644,
            51.193750573305536,
            94.0962771221737,
            112.00007331123945,
            39.7592990425115,
            34.841914245878705,
            70.1327439917355,
            84.19073807274664,
            65.97742671550367,
            0.0,
            80.80433742077253,
            57.79145729849107,
            72.86933041769218,
            110.13929954177583,
            89.11878134917943,
            63.85556736726669,
            83.9971780454179,
            29.928831275221995
        ],
        [
            65.97772639636713,
            35.30752336529145,
            70.75273464952295,
            14.580271155177458,
            22.01576374330883,
            34.02796793561417,
            44.25772289428464,
            32.2730431231692,
            50.7093274190849,
            55.39333943637554,
            11.589720954994194,
            19.893578337463147,
            25.54785239742962,
            80.80433742077253,
            0.0,
            23.549470712453875,
            58.685664316409714,
            30.373817775489567,
            61.12490409394485,
            17.380651606111243,
            59.74586493174503,
            65.97772639636713
        ],
        [
            47.32506473785921,
            21.05340454976781,
            47.81216218842807,
            38.129597084639144,
            16.003373880857414,
            12.169021689663229,
            47.37967289783117,
            54.21996098474831,
            33.76738710434493,
            37.19349518663521,
            12.369426017760986,
            28.795862655521784,
            15.457925436112676,
            57.79145729849107,
            23.549470712453875,
            0.0,
            55.61722781586119,
            52.35435069545328,
            64.23875754207786,
            6.179324874239956,
            61.07882168399858,
            47.32506473785921
        ],
        [
            43.221580720763576,
            76.4350920911922,
            65.73828946115866,
            64.86848827676586,
            41.101267869464536,
            64.38109154692793,
            100.25357368629109,
            85.17940396569203,
            35.63877981748849,
            39.16111419585468,
            58.18428411340091,
            76.99688862117827,
            70.62721106151922,
            72.86933041769218,
            58.685664316409714,
            55.61722781586119,
            0.0,
            83.52450638678646,
            16.69391137726784,
            55.78845314019042,
            11.482124026371626,
            43.221580720763576
        ],
        [
            96.32481899020632,
            56.00401839757798,
            100.16641283105834,
            18.842456605379393,
            52.06086758795603,
            60.436706012921306,
            44.02330552988095,
            1.8995684178053323,
            80.98538848820107,
            85.74170712414046,
            40.05958314435461,
            29.91445909787448,
            47.4020970923264,
            110.13929954177583,
            30.373817775489567,
            52.35435069545328,
            83.52450638678646,
            0.0,
            81.13492588891218,
            46.35159526029501,
            81.39010856526035,
            96.32481899020632
        ],
        [
            59.71346298346924,
            85.25967783165983,
            81.57984348794616,
            63.5642638430448,
            48.41387132323973,
            74.5982786614147,
            104.93780552845446,
            82.57283124536897,
            50.743857891714356,
            54.82141456417711,
            63.72058570972159,
            80.75720298677479,
            78.0807383823907,
            89.11878134917943,
            61.12490409394485,
            64.23875754207786,
            16.69391137726784,
            81.13492588891218,
            0.0,
            62.88820914060553,
            5.214252251710334,
            59.71346298346924
        ],
        [
            52.0316898924723,
            23.10887881475014,
            53.84965211287036,
            31.960339206034472,
            14.757678898322267,
            17.349293466277572,
            45.117024666677494,
            48.22697560243831,
            37.75699620051681,
            41.6579838052869,
            6.2920150634197265,
            24.41819459102655,
            15.193376658425688,
            63.85556736726669,
            17.380651606111243,
            6.179324874239956,
            55.78845314019042,
            46.35159526029501,
            62.88820914060553,
            0.0,
            60.14874169040285,
            52.0316898924723
        ],
        [
            54.53175386229148,
            82.13218788808672,
            76.55459647830634,
            63.37199726833078,
            45.48815161945503,
            71.04356990777984,
            103.08200406571488,
            82.90388555271015,
            45.85730097085311,
            49.817074460815164,
            61.43780745324305,
            79.09710939359572,
            75.32000862880672,
            83.9971780454179,
            59.74586493174503,
            61.07882168399858,
            11.482124026371626,
            81.39010856526035,
            5.214252251710334,
            60.14874169040285,
            0.0,
            54.53175386229148
        ],
        [
            0.0,
            60.926423227064745,
            24.379269304051462,
            78.81534464848473,
            44.4716598208891,
            47.41449626871291,
            92.92604532248836,
            98.22164103451338,
            15.548170242798012,
            10.584397223592752,
            57.85743432667723,
            76.10541015829689,
            60.848795959240626,
            29.928831275221995,
            65.97772639636713,
            47.32506473785921,
            43.221580720763576,
            96.32481899020632,
            59.71346298346924,
            52.0316898924723,
            54.53175386229148,
            0.0
        ]
    ],
    "scores_ave": [
        0,
        14.518621241103997,
        11.765144673557879,
        17.79988022002082,
        11.193659423191058,
        18.035385102657468,
        13.75347345984991,
        18.74673651697804,
        13.67676512009833,
        10.320209311721765,
        17.231338800563286,
        12.19765000446361,
        14.204659019874246,
        10.74357723910165,
        13.814787788693693,
        14.134151617238556,
        10.338443597232915,
        11.906434221152333,
        18.664790723506385,
        15.45621018277298,
        12.202768738461621,
        0
    ],
    "scores_var": [
        0,
        375.6941768439967,
        22.522576737792317,
        24.46532879526044,
        21.3686343793009,
        17.34200139344103,
        249.9840608190175,
        17.654321562288025,
        18.282518215824208,
        24.023207272225203,
        24.763472115937503,
        286.55651869918063,
        263.2123703210397,
        290.7499811324153,
        259.81283103056256,
        24.19915012292865,
        322.4166149700877,
        24.93659204677872,
        334.7124782699444,
        228.68735750871363,
        21.956184461811006,
        0
    ],
    "vertex_number": 22,
    "minimum_distances": {
        "cost": 407.9790619324501,
        "path": [
            0,
            9,
            8,
            16,
            20,
            18,
            4,
            15,
            19,
            10,
            12,
            11,
            14,
            3,
            17,
            7,
            6,
            1,
            5,
            2,
            13,
            21
        ]
    }
}