{
    "vertices": [
        [
            47.49302633878856,
            30.06751006772259
        ],
        [
            30.707860486135342,
            9.705126247209472
        ],
        [
            39.567154875708866,
            15.962429966562352
        ],
        [
            97.6135645525121,
            53.79860609581829
        ],
        [
            44.091728387436255,
            53.07545102354702
        ],
        [
            10.103299925689068,
            94.69830085284981
        ],
        [
            43.355196756096795,
            80.3372406959699
        ],
        [
            75.29287885236285,
            19.336666329690154
        ],
        [
            71.9680803103687,
            38.26591011850865
        ],
        [
            57.3154831576312,
            13.8234823629943
        ],
        [
            35.54069154919617,
            19.99229380965877
        ],
        [
            51.399942145444214,
            59.36206760863275
        ],
        [
            74.6395414599035,
            15.177417694806294
        ],
        [
            15.940688401579362,
            78.0507350359641
        ],
        [
            65.78956290103794,
            82.98534418932226
        ],
        [
            4.322733757427555,
            13.621876438995784
        ],
        [
            70.13901833775635,
            41.72693776683739
        ],
        [
            47.9507677149372,
            68.87167394565934
        ],
        [
            30.08437435615281,
            7.816530330328031
        ],
        [
            16.205083788751118,
            89.97481906531836
        ],
        [
            50.37925409925742,
            86.29455367948118
        ],
        [
            46.32723671360621,
            19.283117446429955
        ],
        [
            62.49222106728423,
            90.35851591866337
        ],
        [
            47.49302633878856,
            30.06751006772259
        ]
    ],
    "distances": [
        [
            0.0,
            26.388794355842975,
            16.179391926441724,
            55.454785812660226,
            23.25799163256743,
            74.66679823561016,
            50.439740791284244,
            29.79904037224274,
            25.81166461707749,
            18.982863167341446,
            15.632283568604242,
            29.55393531558855,
            30.96204344184831,
            57.42769286378067,
            55.99161024916917,
            46.19667766204214,
            25.471223132943553,
            38.80686358665448,
            28.251854153780258,
            67.58565691289729,
            56.30107231664334,
            10.847220365622423,
            62.12874720305816,
            0.0
        ],
        [
            26.388794355842975,
            0.0,
            10.846241142320057,
            80.1286977416784,
            45.38846760141249,
            87.45506071940012,
            71.75549251610131,
            45.61348952971342,
            50.18091385464321,
            26.924458050722627,
            11.365829162097882,
            53.795669609805365,
            44.27119342042164,
            69.92275460878513,
            81.2447917467411,
            26.67425433924683,
            50.79579335454884,
            61.62790128062135,
            1.9888512995047785,
            81.5693209304071,
            79.07530664553627,
            18.32219498716317,
            86.69033881031886,
            26.388794355842975
        ],
        [
            16.179391926441724,
            10.846241142320057,
            0.0,
            69.2889738735634,
            37.38780680167282,
            84.06816349093118,
            64.48616532043611,
            35.884715753232925,
            39.33529198964524,
            17.87675176461579,
            5.69668408055489,
            44.98381266671184,
            35.08117080397978,
            66.431675761223,
            71.97003344141417,
            35.32205275430857,
            39.98060401910541,
            53.56932949624892,
            12.501152237520918,
            77.6119842909439,
            71.15833834196228,
            7.5316446938247825,
            77.84816160244578,
            16.179391926441724
        ],
        [
            55.454785812660226,
            80.1286977416784,
            69.2889738735634,
            0.0,
            53.5267213617626,
            96.59622894437932,
            60.40090729758487,
            41.058961294327595,
            29.982586718586447,
            56.76218707522671,
            70.6817396027795,
            46.54729852513049,
            44.937756180812784,
            85.19756133185419,
            43.181393697422806,
            101.57435068143185,
            30.00959623106699,
            51.89981468306174,
            81.69787524947853,
            89.08456165396038,
            57.33294596786921,
            61.81914250380531,
            50.69650653114002,
            55.454785812660226
        ],
        [
            23.25799163256743,
            45.38846760141249,
            37.38780680167282,
            53.5267213617626,
            0.0,
            53.737090516811556,
            27.271737293164627,
            45.9545142826406,
            31.566018094609024,
            41.41961774269852,
            34.170389553644036,
            9.640100436230517,
            48.67678927062408,
            37.63304218085763,
            36.95128863473821,
            56.01925991460801,
            28.412146467554344,
            16.26077621567512,
            47.37695504433351,
            46.251792493431765,
            33.80890061570037,
            33.866197100700994,
            41.57649647137907,
            23.25799163256743
        ],
        [
            74.66679823561016,
            87.45506071940012,
            84.06816349093118,
            96.59622894437932,
            53.737090516811556,
            0.0,
            36.2205562029299,
            99.64465444086461,
            83.73688420306786,
            93.6468179453715,
            78.91798515512785,
            54.351283687841025,
            102.41336499499307,
            17.6413307844391,
            56.90477341982292,
            81.28223385808879,
            80.06405430930408,
            45.819706191347294,
            89.14979183668275,
            7.716414096500121,
            41.14335245389319,
            83.66375251349274,
            52.56836303001329,
            74.66679823561016
        ],
        [
            50.439740791284244,
            71.75549251610131,
            64.48616532043611,
            60.40090729758487,
            27.271737293164627,
            36.2205562029299,
            0.0,
            68.85554161211847,
            50.87920952460199,
            67.9630020230886,
            60.84882173337778,
            22.464990861853895,
            72.28079106574282,
            27.509696044361245,
            22.590113688000475,
            77.2947151859894,
            46.99072877491422,
            12.352266728967779,
            73.72494936660296,
            28.80992105100195,
            9.210155239925161,
            61.12641807990262,
            21.60212157580706,
            50.439740791284244
        ],
        [
            29.79904037224274,
            45.61348952971342,
            35.884715753232925,
            41.058961294327595,
            45.9545142826406,
            99.64465444086461,
            68.85554161211847,
            0.0,
            19.21901547325903,
            18.80377497779603,
            39.757593523483486,
            46.614430941728756,
            4.210249274706763,
            83.48667184258294,
            64.35423224116599,
            71.1998617856169,
            22.97578144989091,
            56.58010269490027,
            46.65321438258721,
            92.0929755593841,
            71.44261597034262,
            28.965691636717608,
            72.16619678748098,
            29.79904037224274
        ],
        [
            25.81166461707749,
            50.18091385464321,
            39.33529198964524,
            29.982586718586447,
            31.566018094609024,
            83.73688420306786,
            50.87920952460199,
            19.21901547325903,
            0.0,
            28.497910062037,
            40.753891899555605,
            29.463471764534855,
            23.242529704677906,
            68.71608936641881,
            45.144233972803754,
            71.99459220152907,
            3.9146111022874974,
            38.90429389861739,
            51.78232858750254,
            76.04816267037221,
            52.65764920199641,
            31.902966601630652,
            52.947440801657855,
            25.81166461707749
        ],
        [
            18.982863167341446,
            26.924458050722627,
            17.87675176461579,
            56.76218707522671,
            41.41961774269852,
            93.6468179453715,
            67.9630020230886,
            18.80377497779603,
            28.497910062037,
            0.0,
            22.6317428461723,
            45.921197410794356,
            17.376885133511664,
            76.40035096138578,
            69.67907260276716,
            52.99313289419087,
            30.709052052939825,
            55.839066000824424,
            27.885780592995907,
            86.53953442109301,
            72.80224894403715,
            12.269848212545632,
            76.70990794384146,
            18.982863167341446
        ],
        [
            15.632283568604242,
            11.365829162097882,
            5.69668408055489,
            70.6817396027795,
            34.170389553644036,
            78.91798515512785,
            60.84882173337778,
            39.757593523483486,
            40.753891899555605,
            22.6317428461723,
            0.0,
            42.44402099774446,
            39.394201303509064,
            61.27758742815303,
            69.87931463741683,
            31.86131049039087,
            40.858768514399976,
            50.43018731790654,
            13.342436569671397,
            72.60454234154236,
            67.9424212285487,
            10.809832917211077,
            75.35111251506603,
            15.632283568604242
        ],
        [
            29.55393531558855,
            53.795669609805365,
            44.98381266671184,
            46.54729852513049,
            9.640100436230517,
            54.351283687841025,
            22.464990861853895,
            46.614430941728756,
            29.463471764534855,
            45.921197410794356,
            42.44402099774446,
            0.0,
            49.923564218753654,
            40.082726532525065,
            27.660809494618327,
            65.63862154131272,
            25.732290630222973,
            10.115800360687219,
            55.77899105836335,
            46.645670822665814,
            26.951820161986713,
            40.39869535644108,
            32.92139820111376,
            29.55393531558855
        ],
        [
            30.96204344184831,
            44.27119342042164,
            35.08117080397978,
            44.937756180812784,
            48.67678927062408,
            102.41336499499307,
            72.28079106574282,
            4.210249274706763,
            23.242529704677906,
            17.376885133511664,
            39.394201303509064,
            49.923564218753654,
            0.0,
            86.01516949843594,
            68.38301701430014,
            70.33401136054668,
            26.92826998580048,
            59.96135253930046,
            45.15911401296181,
            94.91700108570213,
            75.14125746541552,
            28.608449285092167,
            76.15612203143087,
            30.96204344184831
        ],
        [
            57.42769286378067,
            69.92275460878513,
            66.431675761223,
            85.19756133185419,
            37.63304218085763,
            17.6413307844391,
            27.509696044361245,
            83.48667184258294,
            68.71608936641881,
            76.40035096138578,
            61.27758742815303,
            40.082726532525065,
            86.01516949843594,
            0.0,
            50.09252096230711,
            65.46796690154434,
            65.24474856966893,
            33.30015525710062,
            71.64417187053522,
            11.927014918237465,
            35.4115144146715,
            66.1587121660395,
            48.15108164706921,
            57.42769286378067
        ],
        [
            55.99161024916917,
            81.2447917467411,
            71.97003344141417,
            43.181393697422806,
            36.95128863473821,
            56.90477341982292,
            22.590113688000475,
            64.35423224116599,
            45.144233972803754,
            69.67907260276716,
            69.87931463741683,
            27.660809494618327,
            68.38301701430014,
            50.09252096230711,
            0.0,
            92.67934906612352,
            41.487032469422786,
            22.746830580072185,
            83.21785304845301,
            50.074677511482676,
            15.761614283314762,
            66.60897711741904,
            8.076888294323332,
            55.99161024916917
        ],
        [
            46.19667766204214,
            26.67425433924683,
            35.32205275430857,
            101.57435068143185,
            56.01925991460801,
            81.28223385808879,
            77.2947151859894,
            71.1998617856169,
            71.99459220152907,
            52.99313289419087,
            31.86131049039087,
            65.63862154131272,
            70.33401136054668,
            65.46796690154434,
            92.67934906612352,
            0.0,
            71.56589822115393,
            70.39847634377423,
            26.40765362123855,
            77.27200068566493,
            86.03790492159344,
            42.38428857890475,
            96.29226912127501,
            46.19667766204214
        ],
        [
            25.471223132943553,
            50.79579335454884,
            39.98060401910541,
            30.00959623106699,
            28.412146467554344,
            80.06405430930408,
            46.99072877491422,
            22.97578144989091,
            3.9146111022874974,
            30.709052052939825,
            40.858768514399976,
            25.732290630222973,
            26.92826998580048,
            65.24474856966893,
            41.487032469422786,
            71.56589822115393,
            0.0,
            35.05930929038506,
            52.48133227160948,
            72.36523575397713,
            48.75162223862916,
            32.72195004413624,
            49.2290960919745,
            25.471223132943553
        ],
        [
            38.80686358665448,
            61.62790128062135,
            53.56932949624892,
            51.89981468306174,
            16.26077621567512,
            45.819706191347294,
            12.352266728967779,
            56.58010269490027,
            38.90429389861739,
            55.839066000824424,
            50.43018731790654,
            10.115800360687219,
            59.96135253930046,
            33.30015525710062,
            22.746830580072185,
            70.39847634377423,
            35.05930929038506,
            0.0,
            63.615552921746634,
            38.11995778962376,
            17.591312751982116,
            49.61512661063708,
            25.94490785436195,
            38.80686358665448
        ],
        [
            28.251854153780258,
            1.9888512995047785,
            12.501152237520918,
            81.69787524947853,
            47.37695504433351,
            89.14979183668275,
            73.72494936660296,
            46.65321438258721,
            51.78232858750254,
            27.885780592995907,
            13.342436569671397,
            55.77899105836335,
            45.15911401296181,
            71.64417187053522,
            83.21785304845301,
            26.40765362123855,
            52.48133227160948,
            63.615552921746634,
            0.0,
            83.32238063399535,
            81.05974520424614,
            19.882484695186648,
            88.67608422408576,
            28.251854153780258
        ],
        [
            67.58565691289729,
            81.5693209304071,
            77.6119842909439,
            89.08456165396038,
            46.251792493431765,
            7.716414096500121,
            28.80992105100195,
            92.0929755593841,
            76.04816267037221,
            86.53953442109301,
            72.60454234154236,
            46.645670822665814,
            94.91700108570213,
            11.927014918237465,
            50.074677511482676,
            77.27200068566493,
            72.36523575397713,
            38.11995778962376,
            83.32238063399535,
            0.0,
            34.371765589240276,
            76.84179054786728,
            46.28872757720865,
            67.58565691289729
        ],
        [
            56.30107231664334,
            79.07530664553627,
            71.15833834196228,
            57.33294596786921,
            33.80890061570037,
            41.14335245389319,
            9.210155239925161,
            71.44261597034262,
            52.65764920199641,
            72.80224894403715,
            67.9424212285487,
            26.951820161986713,
            75.14125746541552,
            35.4115144146715,
            15.761614283314762,
            86.03790492159344,
            48.75162223862916,
            17.591312751982116,
            81.05974520424614,
            34.371765589240276,
            0.0,
            67.13383223762747,
            12.776531526592308,
            56.30107231664334
        ],
        [
            10.847220365622423,
            18.32219498716317,
            7.5316446938247825,
            61.81914250380531,
            33.866197100700994,
            83.66375251349274,
            61.12641807990262,
            28.965691636717608,
            31.902966601630652,
            12.269848212545632,
            10.809832917211077,
            40.39869535644108,
            28.608449285092167,
            66.1587121660395,
            66.60897711741904,
            42.38428857890475,
            32.72195004413624,
            49.61512661063708,
            19.882484695186648,
            76.84179054786728,
            67.13383223762747,
            0.0,
            72.89045882103785,
            10.847220365622423
        ],
        [
            62.12874720305816,
            86.69033881031886,
            77.84816160244578,
            50.69650653114002,
            41.57649647137907,
            52.56836303001329,
            21.60212157580706,
            72.16619678748098,
            52.947440801657855,
            76.70990794384146,
            75.35111251506603,
            32.92139820111376,
            76.15612203143087,
            48.15108164706921,
            8.076888294323332,
            96.29226912127501,
            49.2290960919745,
            25.94490785436195,
            88.67608422408576,
            46.28872757720865,
            12.776531526592308,
            72.89045882103785,
            0.0,
            62.12874720305816
        ],
        [
            0.0,
            26.388794355842975,
            16.179391926441724,
            55.454785812660226,
            23.25799163256743,
            74.66679823561016,
            50.439740791284244,
            29.79904037224274,
            25.81166461707749,
            18.982863167341446,
            15.632283568604242,
            29.55393531558855,
            30.96204344184831,
            57.42769286378067,
            55.99161024916917,
            46.19667766204214,
            25.471223132943553,
            38.80686358665448,
            28.251854153780258,
            67.58565691289729,
            56.30107231664334,
            10.847220365622423,
            62.12874720305816,
            0.0
        ]
    ],
    "scores_ave": [
        0,
        14.323183643356327,
        16.200622180706382,
        18.566312526195233,
        19.135094262522564,
        19.137925414366073,
        18.18768973348314,
        16.307793741732635,
        19.029607749745693,
        13.426616800237895,
        13.747432648265345,
        18.356388641187337,
        17.562100893456773,
        14.781276794064445,
        10.867512805144948,
        11.844993848324632,
        18.962743615437024,
        12.063941157894543,
        16.149105650447837,
        19.5816415655852,
        16.765771975641293,
        14.032118493314126,
        11.977135385429884,
        0
    ],
    "scores_var": [
        0,
        256.8792561008695,
        18.006723683267847,
        20.29516495104523,
        18.075605076895062,
        269.27672158826294,
        19.473183770846095,
        320.8203729630516,
        21.40012510599631,
        21.646292407891693,
        17.203737933905494,
        246.20565678175458,
        281.8694256901796,
        258.5799932998965,
        382.5012314513139,
        254.1498314232323,
        23.55099687236722,
        24.597602105365375,
        284.1728287964316,
        255.73013171254513,
        20.551244288711032,
        271.938080239045,
        24.255175031288967,
        0
    ],
    "vertex_number": 24,
    "minimum_distances": {
        "cost": 407.79104166211744,
        "path": [
            0,
            10,
            15,
            18,
            1,
            2,
            21,
            9,
            12,
            7,
            3,
            14,
            22,
            20,
            6,
            19,
            5,
            13,
            17,
            11,
            4,
            16,
            8,
            23
        ]
    }
}