{
    "vertices": [
        [
            21.387860844034357,
            72.39258809454512
        ],
        [
            90.08812513039656,
            54.2752604016726
        ],
        [
            13.567939581509092,
            17.184229738456235
        ],
        [
            15.18921758365317,
            9.472952795961366
        ],
        [
            10.59172719513991,
            60.44308325434342
        ],
        [
            75.81150179950299,
            8.918242876891869
        ],
        [
            6.5359616715975015,
            88.62006990860523
        ],
        [
            35.192168713675045,
            9.593469304992919
        ],
        [
            41.113667978850046,
            61.80035272112859
        ],
        [
            56.726724747865795,
            81.62665280987741
        ],
        [
            88.83827046390608,
            69.72287430116938
        ],
        [
            83.05862501907306,
            15.47100016677565
        ],
        [
            93.17954977762999,
            17.17177836844813
        ],
        [
            44.63616344903447,
            56.62006202352677
        ],
        [
            1.4591638828464926,
            84.25916663702935
        ],
        [
            61.393700842295985,
            31.78350042221567
        ],
        [
            71.66370638021236,
            77.5944172436669
        ],
        [
            84.56087719560512,
            11.76157668570309
        ],
        [
            17.044808251642696,
            41.227363127543484
        ],
        [
            73.07445974023786,
            49.87508796705511
        ],
        [
            20.130365452265366,
            44.66168026599369
        ],
        [
            23.171231213766465,
            85.70813579779595
        ],
        [
            63.868395122454146,
            77.14580375349172
        ],
        [
            55.59982164925913,
            42.19108310743689
        ],
        [
            21.387860844034357,
            72.39258809454512
        ]
    ],
    "distances": [
        [
            0.0,
            71.04902445316853,
            55.75942970409959,
            63.22423336329398,
            16.104259302768156,
            83.61175273644001,
            21.997956156286026,
            64.2984310578735,
            22.389794937109226,
            36.52537820722005,
            67.50322310547122,
            83.92467054538866,
            90.57253682405039,
            28.09370307870802,
            23.19415117817002,
            57.00495799091031,
            50.544234793636775,
            87.5611188794145,
            31.466384493044348,
            56.378562569903615,
            27.759404598368736,
            13.434441578018301,
            42.74562962082152,
            45.635393781850496,
            0.0
        ],
        [
            71.04902445316853,
            0.0,
            85.03577689476249,
            87.27595956786946,
            79.73530788441596,
            47.550825570913915,
            90.33565164824664,
            70.78155470540267,
            49.54921258410673,
            43.14025616696229,
            15.498093814249362,
            39.43582741863928,
            37.232046483363405,
            45.51240397221243,
            93.56349397575102,
            36.458870692864814,
            29.71939235757805,
            42.87147971360619,
            74.19955366392897,
            17.573455194202754,
            70.61521834709767,
            73.93170055610614,
            34.792757793782805,
            36.54408868593604,
            71.04902445316853
        ],
        [
            55.75942970409959,
            85.03577689476249,
            0.0,
            7.879868935717733,
            43.36111446535666,
            62.79002768259329,
            71.7811115415508,
            22.91782994785167,
            52.43439313032067,
            77.55969719094942,
            91.79287490667582,
            69.51180128688758,
            79.61161116982694,
            50.20377876513764,
            68.15914912077531,
            50.00442125124,
            83.81234320995937,
            71.19973565407011,
            24.2932270173149,
            67.8949052074126,
            28.25023399553426,
            69.19356120191675,
            78.26574081925736,
            48.90830017057377,
            55.75942970409959
        ],
        [
            63.22423336329398,
            87.27595956786946,
            7.879868935717733,
            0.0,
            51.17705654702074,
            60.62482203389622,
            79.61874769878065,
            20.003314178880274,
            58.397208077282386,
            83.25575612001373,
            95.1537494350171,
            68.1339345546517,
            78.3694062177482,
            55.587521345304474,
            76.03612401555581,
            51.30901293712018,
            88.48673235764048,
            69.40940106804857,
            31.80858048127296,
            70.59060692407864,
            35.53394832015854,
            76.65191236306191,
            83.36232411931798,
            51.99512450245564,
            63.22423336329398
        ],
        [
            16.104259302768156,
            79.73530788441596,
            43.36111446535666,
            51.17705654702074,
            0.0,
            83.11695480084545,
            28.467381525114025,
            56.487741694148546,
            30.55210384915866,
            50.76594939823513,
            78.79489866345186,
            85.28739377809282,
            93.23708632000982,
            34.25841693915183,
            25.507048836431405,
            58.32848544714608,
            63.434650619320394,
            88.55125201590259,
            20.27032696118391,
            63.370138004381765,
            18.44012744210276,
            28.22351504292225,
            55.83354025592486,
            48.56813848351194,
            16.104259302768156
        ],
        [
            83.61175273644001,
            47.550825570913915,
            62.79002768259329,
            60.62482203389622,
            83.11695480084545,
            0.0,
            105.60057619258617,
            40.624944936167516,
            63.24916768957174,
            75.17141471393077,
            62.18440242117079,
            9.770333825400066,
            19.22940297255482,
            56.98565846916624,
            105.85142864743737,
            27.031333430957975,
            68.80131635729055,
            9.199788963353786,
            67.06268352757137,
            41.048197999106065,
            66.16632271260289,
            93.1004067775403,
            69.26498292982903,
            38.93062947735545,
            83.61175273644001
        ],
        [
            21.997956156286026,
            90.33565164824664,
            71.7811115415508,
            79.61874769878065,
            28.467381525114025,
            105.60057619258617,
            0.0,
            84.06177374408222,
            43.75974181238781,
            50.675640902655346,
            84.4439105819372,
            105.86077843038056,
            112.30302633453427,
            49.755661789654596,
            6.6926342445937035,
            78.99219694312582,
            66.05443321623744,
            109.52221429017685,
            48.5438411384866,
            76.99704767639797,
            46.01247476634455,
            16.888207513123145,
            58.46936556176481,
            67.54933879240158,
            21.997956156286026
        ],
        [
            64.2984310578735,
            70.78155470540267,
            22.91782994785167,
            20.003314178880274,
            56.487741694148546,
            40.624944936167516,
            84.06177374408222,
            0.0,
            52.541629491037384,
            75.18322039815843,
            80.5819432515148,
            48.225957826338565,
            58.48048504345332,
            47.96550280437344,
            81.93217910562355,
            34.3353719489169,
            77.1641236606747,
            49.41629353551401,
            36.46957540355162,
            55.29626366633642,
            38.165918533302275,
            77.05806507879198,
            73.38694604961701,
            38.45876654226627,
            64.2984310578735
        ],
        [
            22.389794937109226,
            49.54921258410673,
            52.43439313032067,
            58.397208077282386,
            30.55210384915866,
            63.24916768957174,
            43.75974181238781,
            52.541629491037384,
            0.0,
            25.23588153565534,
            48.37772246130267,
            62.49630652455938,
            68.57525571397639,
            6.2644541700877445,
            45.572777154887326,
            36.22555941427545,
            34.39123900743931,
            66.26868865345051,
            31.663194870160293,
            34.113108176616535,
            27.09304483528152,
            29.891689960756736,
            27.445591171744287,
            24.37974780314922,
            22.389794937109226
        ],
        [
            36.52537820722005,
            43.14025616696229,
            77.55969719094942,
            83.25575612001373,
            50.76594939823513,
            75.17141471393077,
            50.675640902655346,
            75.18322039815843,
            25.23588153565534,
            0.0,
            34.24691681097328,
            71.20350657465924,
            74.04889797904501,
            27.77609143268352,
            55.33022151608251,
            50.061167643250734,
            15.471662610930725,
            75.20551112997416,
            56.62823592211182,
            35.71288716064238,
            52.01636962402083,
            33.80280535247999,
            8.430982386732015,
            39.4516674977078,
            36.52537820722005
        ],
        [
            67.50322310547122,
            15.498093814249362,
            91.79287490667582,
            95.1537494350171,
            78.79489866345186,
            62.18440242117079,
            84.4439105819372,
            80.5819432515148,
            48.37772246130267,
            34.24691681097328,
            0.0,
            54.55886865177905,
            52.730108949345436,
            46.103253183883936,
            88.57997551240207,
            46.825212140922964,
            18.89250750325337,
            58.11891356899547,
            77.24179809837372,
            25.346249247103422,
            73.13576182386679,
            67.58467747200477,
            26.049847527803383,
            43.16009738102073,
            67.50322310547122
        ],
        [
            83.92467054538866,
            39.43582741863928,
            69.51180128688758,
            68.1339345546517,
            85.28739377809282,
            9.770333825400066,
            105.86077843038056,
            48.225957826338565,
            62.49630652455938,
            71.20350657465924,
            54.55886865177905,
            0.0,
            10.262834133885962,
            56.29858652570083,
            106.72527303343799,
            27.11948753515137,
            63.159822039771754,
            4.002072483579945,
            70.86052665039038,
            35.82352318916212,
            69.36902519685863,
            92.30251978381855,
            64.59137961791103,
            38.31381884983434,
            83.92467054538866
        ],
        [
            90.57253682405039,
            37.232046483363405,
            79.61161116982694,
            78.3694062177482,
            93.23708632000982,
            19.22940297255482,
            112.30302633453427,
            58.48048504345332,
            68.57525571397639,
            74.04889797904501,
            52.730108949345436,
            10.262834133885962,
            0.0,
            62.550998709683434,
            113.6369079717825,
            34.98346200587401,
            64.13912071230239,
            10.176040454131682,
            79.84466184618051,
            38.389075322466205,
            78.0504838994466,
            97.97140887944155,
            66.75348311590557,
            45.14644588253491,
            90.57253682405039
        ],
        [
            28.09370307870802,
            45.51240397221243,
            50.20377876513764,
            55.587521345304474,
            34.25841693915183,
            56.98565846916624,
            49.755661789654596,
            47.96550280437344,
            6.2644541700877445,
            27.77609143268352,
            46.103253183883936,
            56.29858652570083,
            62.550998709683434,
            0.0,
            51.26571364347459,
            29.9611390247814,
            34.211279628176484,
            60.05219791605757,
            31.59458910843822,
            29.227236800093642,
            27.2678754162724,
            36.15050970265805,
            28.128007549510354,
            18.121733738589132,
            28.09370307870802
        ],
        [
            23.19415117817002,
            93.56349397575102,
            68.15914912077531,
            76.03612401555581,
            25.507048836431405,
            105.85142864743737,
            6.6926342445937035,
            81.93217910562355,
            45.572777154887326,
            55.33022151608251,
            88.57997551240207,
            106.72527303343799,
            113.6369079717825,
            51.26571364347459,
            0.0,
            79.66080758586467,
            70.52018627131365,
            110.28053003257902,
            45.76732921713467,
            79.44189994407657,
            43.77870138492261,
            21.760362575362915,
            62.813311291729484,
            68.5633610263717,
            23.19415117817002
        ],
        [
            57.00495799091031,
            36.458870692864814,
            50.00442125124,
            51.30901293712018,
            58.32848544714608,
            27.031333430957975,
            78.99219694312582,
            34.3353719489169,
            36.22555941427545,
            50.061167643250734,
            46.825212140922964,
            27.11948753515137,
            34.98346200587401,
            29.9611390247814,
            79.66080758586467,
            0.0,
            46.947983063926785,
            30.620181095089094,
            45.343255472169005,
            21.534754893530543,
            43.226269369433716,
            66.09707622045885,
            45.42975539554385,
            11.911625139048908,
            57.00495799091031
        ],
        [
            50.544234793636775,
            29.71939235757805,
            83.81234320995937,
            88.48673235764048,
            63.434650619320394,
            68.80131635729055,
            66.05443321623744,
            77.1641236606747,
            34.39123900743931,
            15.471662610930725,
            18.89250750325337,
            63.159822039771754,
            64.13912071230239,
            34.211279628176484,
            70.52018627131365,
            46.947983063926785,
            0.0,
            67.084274692149,
            65.61849326115406,
            27.7552056484554,
            61.15758654522447,
            49.16657987438205,
            7.808209248534462,
            38.877300068431985,
            50.544234793636775
        ],
        [
            87.5611188794145,
            42.87147971360619,
            71.19973565407011,
            69.40940106804857,
            88.55125201590259,
            9.199788963353786,
            109.52221429017685,
            49.41629353551401,
            66.26868865345051,
            75.20551112997416,
            58.11891356899547,
            4.002072483579945,
            10.176040454131682,
            60.05219791605757,
            110.28053003257902,
            30.620181095089094,
            67.084274692149,
            0.0,
            73.66581389139763,
            39.80675229345787,
            72.34436853758896,
            96.10817987192205,
            68.58043426225747,
            42.00830393420896,
            87.5611188794145
        ],
        [
            31.466384493044348,
            74.19955366392897,
            24.2932270173149,
            31.80858048127296,
            20.27032696118391,
            67.06268352757137,
            48.5438411384866,
            36.46957540355162,
            31.663194870160293,
            56.62823592211182,
            77.24179809837372,
            70.86052665039038,
            79.84466184618051,
            31.59458910843822,
            45.76732921713467,
            45.343255472169005,
            65.61849326115406,
            73.66581389139763,
            0.0,
            56.69307709794328,
            4.616838468667407,
            44.90069259659049,
            59.013410886409496,
            38.56705607497192,
            31.466384493044348
        ],
        [
            56.378562569903615,
            17.573455194202754,
            67.8949052074126,
            70.59060692407864,
            63.370138004381765,
            41.048197999106065,
            76.99704767639797,
            55.29626366633642,
            34.113108176616535,
            35.71288716064238,
            25.346249247103422,
            35.82352318916212,
            38.389075322466205,
            29.227236800093642,
            79.44189994407657,
            21.534754893530543,
            27.7552056484554,
            39.80675229345787,
            56.69307709794328,
            0.0,
            53.20015732900804,
            61.43565360770071,
            28.78269558695662,
            19.08944491317967,
            56.378562569903615
        ],
        [
            27.759404598368736,
            70.61521834709767,
            28.25023399553426,
            35.53394832015854,
            18.44012744210276,
            66.16632271260289,
            46.01247476634455,
            38.165918533302275,
            27.09304483528152,
            52.01636962402083,
            73.13576182386679,
            69.36902519685863,
            78.0504838994466,
            27.2678754162724,
            43.77870138492261,
            43.226269369433716,
            61.15758654522447,
            72.34436853758896,
            4.616838468667407,
            53.20015732900804,
            0.0,
            41.15894041765033,
            54.481497025883336,
            35.55539583847054,
            27.759404598368736
        ],
        [
            13.434441578018301,
            73.93170055610614,
            69.19356120191675,
            76.65191236306191,
            28.22351504292225,
            93.1004067775403,
            16.888207513123145,
            77.05806507879198,
            29.891689960756736,
            33.80280535247999,
            67.58467747200477,
            92.30251978381855,
            97.97140887944155,
            36.15050970265805,
            21.760362575362915,
            66.09707622045885,
            49.16657987438205,
            96.10817987192205,
            44.90069259659049,
            61.43565360770071,
            41.15894041765033,
            0.0,
            41.588131483002584,
            54.27105446265452,
            13.434441578018301
        ],
        [
            42.74562962082152,
            34.792757793782805,
            78.26574081925736,
            83.36232411931798,
            55.83354025592486,
            69.26498292982903,
            58.46936556176481,
            73.38694604961701,
            27.445591171744287,
            8.430982386732015,
            26.049847527803383,
            64.59137961791103,
            66.75348311590557,
            28.128007549510354,
            62.813311291729484,
            45.42975539554385,
            7.808209248534462,
            68.58043426225747,
            59.013410886409496,
            28.78269558695662,
            54.481497025883336,
            41.588131483002584,
            0.0,
            35.91937920851857,
            42.74562962082152
        ],
        [
            45.635393781850496,
            36.54408868593604,
            48.90830017057377,
            51.99512450245564,
            48.56813848351194,
            38.93062947735545,
            67.54933879240158,
            38.45876654226627,
            24.37974780314922,
            39.4516674977078,
            43.16009738102073,
            38.31381884983434,
            45.14644588253491,
            18.121733738589132,
            68.5633610263717,
            11.911625139048908,
            38.877300068431985,
            42.00830393420896,
            38.56705607497192,
            19.08944491317967,
            35.55539583847054,
            54.27105446265452,
            35.91937920851857,
            0.0,
            45.635393781850496
        ],
        [
            0.0,
            71.04902445316853,
            55.75942970409959,
            63.22423336329398,
            16.104259302768156,
            83.61175273644001,
            21.997956156286026,
            64.2984310578735,
            22.389794937109226,
            36.52537820722005,
            67.50322310547122,
            83.92467054538866,
            90.57253682405039,
            28.09370307870802,
            23.19415117817002,
            57.00495799091031,
            50.544234793636775,
            87.5611188794145,
            31.466384493044348,
            56.378562569903615,
            27.759404598368736,
            13.434441578018301,
            42.74562962082152,
            45.635393781850496,
            0.0
        ]
    ],
    "scores_ave": [
        0,
        12.092882095110498,
        14.193720007879929,
        14.181183355824505,
        12.850351151256742,
        15.674292960174395,
        12.648143639587934,
        11.474224794670299,
        19.711633326277223,
        17.77439858595022,
        13.127516561362835,
        17.986969292481085,
        15.406596628016622,
        18.935608427096057,
        12.414771890376247,
        18.022172215139754,
        18.56388510363103,
        17.57888775602369,
        11.453444270470577,
        12.651348711048342,
        10.274452632586483,
        12.257271577516251,
        17.28879439637811,
        19.07717745063276,
        0
    ],
    "scores_var": [
        0,
        373.326249896691,
        20.454056414733856,
        23.777381703333255,
        16.916749648114738,
        249.4725261921049,
        358.14469377145485,
        370.32763017510877,
        379.5784234244154,
        332.01224185990355,
        306.87979827581756,
        384.4365817441534,
        309.93440593240626,
        23.02620623565228,
        22.169707389980214,
        243.41962440731598,
        21.408596064865357,
        22.715223938378372,
        232.40695068200654,
        24.257241254732126,
        390.8112710936165,
        24.849884363926414,
        21.934870356219434,
        18.96590008399246,
        0
    ],
    "vertex_number": 25,
    "minimum_distances": {
        "cost": 431.3520853303212,
        "path": [
            0,
            21,
            6,
            14,
            4,
            20,
            18,
            2,
            3,
            7,
            15,
            23,
            13,
            19,
            5,
            17,
            11,
            12,
            1,
            10,
            16,
            22,
            9,
            8,
            24
        ]
    }
}