{
    "vertices": [
        [
            17.028497213805892,
            81.22572721795909
        ],
        [
            75.15075346285582,
            24.90084958804507
        ],
        [
            99.18759742602296,
            37.86600102146264
        ],
        [
            24.81501064835325,
            46.320928363525695
        ],
        [
            82.0761551667014,
            27.95406632061056
        ],
        [
            47.87425750421301,
            76.73221827354968
        ],
        [
            11.845168430063257,
            17.14320985498614
        ],
        [
            49.846395278440724,
            84.23229435047865
        ],
        [
            43.91836484650102,
            41.209584257011485
        ],
        [
            72.6177620233317,
            33.52380795740159
        ],
        [
            39.291688669917605,
            11.943877768575629
        ],
        [
            35.02085132259063,
            52.39932086438282
        ],
        [
            46.73102118509224,
            17.756448522845325
        ],
        [
            38.95774458420652,
            74.61803495304848
        ],
        [
            17.028497213805892,
            81.22572721795909
        ]
    ],
    "distances": [
        [
            0.0,
            80.9363238077009,
            92.89878149640214,
            35.76275680837317,
            84.07774770959902,
            31.171341814665986,
            64.29180296784423,
            32.95533157628837,
            48.21158241309718,
            73.25052534422078,
            72.77104064762658,
            33.98067847523656,
            70.07559681046507,
            22.903132696205176,
            0.0
        ],
        [
            80.9363238077009,
            0.0,
            27.31052946028499,
            54.70380955139726,
            7.568574580173281,
            58.57045340096459,
            63.779135072310794,
            64.5021773331946,
            35.23403078255106,
            8.987294179693803,
            38.12814769372709,
            48.64745592857692,
            29.303986918509644,
            61.49579182601112,
            80.9363238077009
        ],
        [
            92.89878149640214,
            27.31052946028499,
            0.0,
            74.85163632387456,
            19.77493124407899,
            64.37112471766858,
            89.76710965962789,
            67.70810428922766,
            55.37027739484726,
            26.92231033792765,
            65.26466394349674,
            65.79201084599076,
            56.17905742013854,
            70.55740337806728,
            92.89878149640214
        ],
        [
            35.76275680837317,
            54.70380955139726,
            74.85163632387456,
            0.0,
            60.134684607592554,
            38.16510735673365,
            31.9304880095953,
            45.42952660435802,
            19.775337675880216,
            49.486051870267865,
            37.30088221674926,
            11.878806306291649,
            36.003347433469145,
            31.634524882146557,
            35.76275680837317
        ],
        [
            84.07774770959902,
            7.568574580173281,
            19.77493124407899,
            60.134684607592554,
            0.0,
            59.574137943065075,
            71.05818823698066,
            64.8536535026113,
            40.39462486374424,
            10.976484990886044,
            45.68190791644024,
            53.026145339553054,
            36.7868169991262,
            63.53521306873658,
            84.07774770959902
        ],
        [
            31.171341814665986,
            58.57045340096459,
            64.37112471766858,
            38.16510735673365,
            59.574137943065075,
            0.0,
            69.63436783529131,
            7.755028598287577,
            35.74222452775227,
            49.79164325402667,
            65.35433844194186,
            27.51908332039437,
            58.986849440951254,
            9.163731432409405,
            31.171341814665986
        ],
        [
            64.29180296784423,
            63.779135072310794,
            89.76710965962789,
            31.9304880095953,
            71.05818823698066,
            69.63436783529131,
            0.0,
            77.10407577051409,
            40.09838282556863,
            62.94149764857386,
            27.934647436857194,
            42.19129816729853,
            34.89124222651468,
            63.548778947884394,
            64.29180296784423
        ],
        [
            32.95533157628837,
            64.5021773331946,
            67.70810428922766,
            45.42952660435802,
            64.8536535026113,
            7.755028598287577,
            77.10407577051409,
            0.0,
            43.429196729717724,
            55.58674064655355,
            73.05489034630573,
            35.116021337180605,
            66.54880640733373,
            14.525725376108463,
            32.95533157628837
        ],
        [
            48.21158241309718,
            35.23403078255106,
            55.37027739484726,
            19.775337675880216,
            40.39462486374424,
            35.74222452775227,
            40.09838282556863,
            43.429196729717724,
            0.0,
            29.710714492268973,
            29.629169895733515,
            14.296011760295753,
            23.621189882057994,
            33.77472918168585,
            48.21158241309718
        ],
        [
            73.25052534422078,
            8.987294179693803,
            26.92231033792765,
            49.486051870267865,
            10.976484990886044,
            49.79164325402667,
            62.94149764857386,
            55.58674064655355,
            29.710714492268973,
            0.0,
            39.70290357280861,
            42.06914168058475,
            30.31060828760559,
            53.11997991690099,
            73.25052534422078
        ],
        [
            72.77104064762658,
            38.12814769372709,
            65.26466394349674,
            37.30088221674926,
            45.68190791644024,
            65.35433844194186,
            27.934647436857194,
            73.05489034630573,
            29.629169895733515,
            39.70290357280861,
            0.0,
            40.680252306560455,
            9.440849911142848,
            62.67504684829834,
            72.77104064762658
        ],
        [
            33.98067847523656,
            48.64745592857692,
            65.79201084599076,
            11.878806306291649,
            53.026145339553054,
            27.51908332039437,
            42.19129816729853,
            35.116021337180605,
            14.296011760295753,
            42.06914168058475,
            40.680252306560455,
            0.0,
            36.56852037313931,
            22.56480410522605,
            33.98067847523656
        ],
        [
            70.07559681046507,
            29.303986918509644,
            56.17905742013854,
            36.003347433469145,
            36.7868169991262,
            58.986849440951254,
            34.89124222651468,
            66.54880640733373,
            23.621189882057994,
            30.31060828760559,
            9.440849911142848,
            36.56852037313931,
            0.0,
            57.390450777749955,
            70.07559681046507
        ],
        [
            22.903132696205176,
            61.49579182601112,
            70.55740337806728,
            31.634524882146557,
            63.53521306873658,
            9.163731432409405,
            63.548778947884394,
            14.525725376108463,
            33.77472918168585,
            53.11997991690099,
            62.67504684829834,
            22.56480410522605,
            57.390450777749955,
            0.0,
            22.903132696205176
        ],
        [
            0.0,
            80.9363238077009,
            92.89878149640214,
            35.76275680837317,
            84.07774770959902,
            31.171341814665986,
            64.29180296784423,
            32.95533157628837,
            48.21158241309718,
            73.25052534422078,
            72.77104064762658,
            33.98067847523656,
            70.07559681046507,
            22.903132696205176,
            0.0
        ]
    ],
    "scores_ave": [
        0,
        11.949354948578797,
        15.098567905145094,
        17.53273216450454,
        12.69272324567726,
        13.435246529042029,
        19.992963299766256,
        12.362734950375154,
        18.603969996373202,
        16.85399487279569,
        13.237894759809429,
        10.991160516681632,
        13.616005541730928,
        14.398558691878828,
        0
    ],
    "scores_var": [
        0,
        17.581868071425927,
        22.707483777880178,
        17.503374919174874,
        22.059551798290087,
        296.5749378381707,
        17.985903705184512,
        24.817526773605834,
        17.903899823634784,
        358.0923217645462,
        20.746604811636956,
        21.379658328759,
        343.72739386897376,
        304.97519221638424,
        0
    ],
    "vertex_number": 15,
    "minimum_distances": {
        "cost": 313.58286035621074,
        "path": [
            0,
            3,
            11,
            8,
            6,
            10,
            12,
            9,
            1,
            4,
            2,
            7,
            5,
            13,
            14
        ]
    }
}