{
    "vertices": [
        [
            39.6335195540391,
            13.63432278306832
        ],
        [
            79.38230087550515,
            62.64083234909468
        ],
        [
            92.91768781972223,
            51.901600861524614
        ],
        [
            83.88972494212628,
            63.47669471941055
        ],
        [
            87.505304086445,
            2.7646490748748143
        ],
        [
            92.45819461495898,
            69.11255938289051
        ],
        [
            54.82163004232389,
            80.28202809041112
        ],
        [
            82.02159210910077,
            56.66752261717755
        ],
        [
            90.53249852249326,
            3.202713100910437
        ],
        [
            29.664015917798537,
            41.29694743384435
        ],
        [
            89.67267985973855,
            69.84457965535566
        ],
        [
            73.37135372627776,
            46.35486914271233
        ],
        [
            48.741470976172906,
            94.37601369322019
        ],
        [
            90.49367796035916,
            18.179772868955645
        ],
        [
            91.5168814902703,
            22.052981890234648
        ],
        [
            83.90338308158744,
            47.22723698359166
        ],
        [
            25.587196289801394,
            53.74511020614806
        ],
        [
            92.27518554354167,
            93.72943205670684
        ],
        [
            61.10622889659745,
            20.88576905420465
        ],
        [
            39.6335195540391,
            13.63432278306832
        ]
    ],
    "distances": [
        [
            0.0,
            63.099949258194826,
            65.60173137425213,
            66.65488545930623,
            49.090300068747695,
            76.60470632746804,
            68.35638465380359,
            60.40368352092074,
            51.956948915347496,
            29.4042820916059,
            75.25629901707906,
            46.99867666974345,
            81.253771790228,
            51.06287134111499,
            52.56193553293713,
            55.572517499493195,
            42.49911134297937,
            95.8455608137719,
            22.664084352410306,
            0.0
        ],
        [
            63.099949258194826,
            0.0,
            17.27824622678177,
            4.584270674651029,
            60.42466801442029,
            14.589799446375254,
            30.239681528735087,
            6.530412496094753,
            60.47492808865728,
            54.10609284000432,
            12.561284762778634,
            17.35984110498839,
            44.11328815520721,
            45.82846834466847,
            42.36297500845542,
            16.06297314962613,
            54.525655886301045,
            33.656017394270435,
            45.57960199188325,
            63.099949258194826
        ],
        [
            65.60173137425213,
            17.27824622678177,
            0.0,
            14.679472454353371,
            49.434137279412404,
            17.217091137279866,
            47.50534988686006,
            11.892809252486543,
            48.75726404449406,
            64.13646141936287,
            18.234049595639146,
            20.318105454323934,
            61.283063565765026,
            33.80883770493593,
            29.88147106261477,
            10.154179808102862,
            67.35572445133714,
            41.83276552736571,
            44.42916543800498,
            65.60173137425213
        ],
        [
            66.65488545930623,
            4.584270674651029,
            14.679472454353371,
            0.0,
            60.81960949309871,
            10.255810208818993,
            33.57638114529889,
            7.060789261807499,
            60.63892562527235,
            58.5864208570778,
            8.601890846585569,
            20.094602362656197,
            46.79922723614557,
            45.77579409025305,
            42.1200368181692,
            16.24946347584861,
            59.10912437512447,
            31.393376146845544,
            48.301911360480574,
            66.65488545930623
        ],
        [
            49.090300068747695,
            60.42466801442029,
            49.434137279412404,
            60.81960949309871,
            0.0,
            66.53252082123403,
            84.12589731147398,
            54.181093318314915,
            3.0587262454407544,
            69.5007383689774,
            67.11493577755095,
            45.824402214826286,
            99.47500633142202,
            15.702115144053993,
            19.701079565926552,
            44.60824540895558,
            80.2051088788865,
            91.08975525297316,
            32.02008994653968,
            49.090300068747695
        ],
        [
            76.60470632746804,
            14.589799446375254,
            17.217091137279866,
            10.255810208818993,
            66.53252082123403,
            0.0,
            39.25898653860557,
            16.241970692167662,
            65.93797193085922,
            68.67908812987282,
            2.88009481282313,
            29.70218780119967,
            50.49152453036165,
            50.97065889078014,
            47.06899089831854,
            23.497917713975397,
            68.61405767918838,
            24.61755293604761,
            57.521900697146165,
            76.60470632746804
        ],
        [
            68.35638465380359,
            30.239681528735087,
            47.50534988686006,
            33.57638114529889,
            84.12589731147398,
            39.25898653860557,
            0.0,
            36.02058862899771,
            84.94990833931851,
            46.39765147329694,
            36.380434346092684,
            38.6670966457718,
            15.349552581162989,
            71.61832940146955,
            68.82705354880666,
            44.026896040399954,
            39.48240275903617,
            39.79449073823594,
            59.727814042163594,
            68.35638465380359
        ],
        [
            60.40368352092074,
            6.530412496094753,
            11.892809252486543,
            7.060789261807499,
            54.181093318314915,
            16.241970692167662,
            36.02058862899771,
            0.0,
            54.137984674240066,
            54.56711799329809,
            15.23725618198233,
            13.460217151445365,
            50.29410265482762,
            39.4091755731181,
            35.89327165597112,
            9.626013199025886,
            56.51001261537191,
            38.454145545346336,
            41.44618566710646,
            60.40368352092074
        ],
        [
            51.956948915347496,
            60.47492808865728,
            48.75726404449406,
            60.63892562527235,
            3.0587262454407544,
            65.93797193085922,
            84.94990833931851,
            54.137984674240066,
            0.0,
            71.80628707857345,
            66.64741304801939,
            46.43935251241875,
            100.29486888307385,
            14.977110079439319,
            18.87595410189959,
            44.520825179073505,
            82.29475188150957,
            90.54349122358313,
            34.330683243175514,
            51.956948915347496
        ],
        [
            29.4042820916059,
            54.10609284000432,
            64.13646141936287,
            58.5864208570778,
            69.5007383689774,
            68.67908812987282,
            46.39765147329694,
            54.56711799329809,
            71.80628707857345,
            0.0,
            66.45304397506078,
            43.999022151833735,
            56.40333825644989,
            65.07420029532194,
            64.77736633554888,
            54.56259968579341,
            13.098748592327084,
            81.66592928284287,
            37.48638365926516,
            29.4042820916059
        ],
        [
            75.25629901707906,
            12.561284762778634,
            18.234049595639146,
            8.601890846585569,
            67.11493577755095,
            2.88009481282313,
            36.380434346092684,
            15.23725618198233,
            66.64741304801939,
            66.45304397506078,
            0.0,
            28.59195225368912,
            47.71954648384854,
            51.671329556701636,
            47.82716693049229,
            23.341571816104878,
            66.07678957802545,
            24.026219221270726,
            56.68339488870547,
            75.25629901707906
        ],
        [
            46.99867666974345,
            17.35984110498839,
            20.318105454323934,
            20.094602362656197,
            45.824402214826286,
            29.70218780119967,
            38.6670966457718,
            13.460217151445365,
            46.43935251241875,
            43.999022151833735,
            28.59195225368912,
            0.0,
            53.96907863049621,
            32.96983526213726,
            30.32889549367008,
            10.56809670616735,
            48.35226328611362,
            51.00690216693642,
            28.268504495393145,
            46.99867666974345
        ],
        [
            81.253771790228,
            44.11328815520721,
            61.283063565765026,
            46.79922723614557,
            99.47500633142202,
            50.49152453036165,
            15.349552581162989,
            50.29410265482762,
            100.29486888307385,
            56.40333825644989,
            47.71954648384854,
            53.96907863049621,
            0.0,
            86.88563692463589,
            84.02592858055905,
            58.81638554113391,
            46.765272953632106,
            43.53851595823876,
            74.5231728761803,
            81.253771790228
        ],
        [
            51.06287134111499,
            45.82846834466847,
            33.80883770493593,
            45.77579409025305,
            15.702115144053993,
            50.97065889078014,
            71.61832940146955,
            39.4091755731181,
            14.977110079439319,
            65.07420029532194,
            51.671329556701636,
            32.96983526213726,
            86.88563692463589,
            0.0,
            4.0060820743139605,
            29.78568713459926,
            74.01178678263851,
            75.57066079275934,
            29.511770157511247,
            51.06287134111499
        ],
        [
            52.56193553293713,
            42.36297500845542,
            29.88147106261477,
            42.1200368181692,
            19.701079565926552,
            47.06899089831854,
            68.82705354880666,
            35.89327165597112,
            18.87595410189959,
            64.77736633554888,
            47.82716693049229,
            30.32889549367008,
            84.02592858055905,
            4.0060820743139605,
            0.0,
            26.300351281388387,
            73.15131159333541,
            71.68046130922973,
            30.43304416218749,
            52.56193553293713
        ],
        [
            55.572517499493195,
            16.06297314962613,
            10.154179808102862,
            16.24946347584861,
            44.60824540895558,
            23.497917713975397,
            44.026896040399954,
            9.626013199025886,
            44.520825179073505,
            54.56259968579341,
            23.341571816104878,
            10.56809670616735,
            58.81638554113391,
            29.78568713459926,
            26.300351281388387,
            0.0,
            58.67930055206689,
            47.2497748468714,
            34.83652065877318,
            55.572517499493195
        ],
        [
            42.49911134297937,
            54.525655886301045,
            67.35572445133714,
            59.10912437512447,
            80.2051088788865,
            68.61405767918838,
            39.48240275903617,
            56.51001261537191,
            82.29475188150957,
            13.098748592327084,
            66.07678957802545,
            48.35226328611362,
            46.765272953632106,
            74.01178678263851,
            73.15131159333541,
            58.67930055206689,
            0.0,
            77.75624672369449,
            48.38737416168027,
            42.49911134297937
        ],
        [
            95.8455608137719,
            33.656017394270435,
            41.83276552736571,
            31.393376146845544,
            91.08975525297316,
            24.61755293604761,
            39.79449073823594,
            38.454145545346336,
            90.54349122358313,
            81.66592928284287,
            24.026219221270726,
            51.00690216693642,
            43.53851595823876,
            75.57066079275934,
            71.68046130922973,
            47.2497748468714,
            77.75624672369449,
            0.0,
            79.23195755552928,
            95.8455608137719
        ],
        [
            22.664084352410306,
            45.57960199188325,
            44.42916543800498,
            48.301911360480574,
            32.02008994653968,
            57.521900697146165,
            59.727814042163594,
            41.44618566710646,
            34.330683243175514,
            37.48638365926516,
            56.68339488870547,
            28.268504495393145,
            74.5231728761803,
            29.511770157511247,
            30.43304416218749,
            34.83652065877318,
            48.38737416168027,
            79.23195755552928,
            0.0,
            22.664084352410306
        ],
        [
            0.0,
            63.099949258194826,
            65.60173137425213,
            66.65488545930623,
            49.090300068747695,
            76.60470632746804,
            68.35638465380359,
            60.40368352092074,
            51.956948915347496,
            29.4042820916059,
            75.25629901707906,
            46.99867666974345,
            81.253771790228,
            51.06287134111499,
            52.56193553293713,
            55.572517499493195,
            42.49911134297937,
            95.8455608137719,
            22.664084352410306,
            0.0
        ]
    ],
    "scores_ave": [
        0,
        17.743438870825255,
        13.702799681207805,
        15.332809121770595,
        15.140613175735858,
        17.68973782225845,
        12.934921840531349,
        10.73214213954325,
        10.650290467441316,
        13.477929598041452,
        10.852632690514115,
        10.515116310966956,
        14.452172944264621,
        14.502624039892762,
        10.5737233073534,
        12.716302003724195,
        15.037794352095894,
        15.490849099752795,
        13.497358435526003,
        0
    ],
    "scores_var": [
        0,
        19.800159653174955,
        20.93910586621509,
        21.294445589172675,
        24.97962517864522,
        242.16566378048378,
        365.0323222546931,
        21.312330819446046,
        17.370235224164013,
        24.408481502974766,
        20.007286737227894,
        365.5370036864065,
        358.17067833141846,
        18.160955265820945,
        19.110241271682117,
        18.88895301891429,
        18.166867517021952,
        24.247959644088418,
        16.230556436017267,
        0
    ],
    "vertex_number": 20,
    "minimum_distances": {
        "cost": 327.7577977071439,
        "path": [
            0,
            9,
            16,
            6,
            12,
            17,
            5,
            10,
            3,
            1,
            7,
            2,
            15,
            11,
            14,
            13,
            8,
            4,
            18,
            19
        ]
    }
}