{
    "vertices": [
        [
            48.74177229068846,
            55.62500668861572
        ],
        [
            11.617202479772615,
            67.94172219747358
        ],
        [
            80.82357562404975,
            42.361796146235044
        ],
        [
            38.74239893467685,
            64.57674740792237
        ],
        [
            53.21046150473835,
            88.63175374948027
        ],
        [
            61.77701787867923,
            52.85461144860301
        ],
        [
            92.23592486769246,
            39.99167273884559
        ],
        [
            39.911288536597645,
            93.09985322986735
        ],
        [
            31.444013908621017,
            79.82540397898644
        ],
        [
            84.97447723835637,
            72.77541122418035
        ],
        [
            69.9755548726997,
            28.738292668293532
        ],
        [
            21.989098237000704,
            28.47817243737547
        ],
        [
            16.724436428240775,
            7.867077066223793
        ],
        [
            83.94935285074577,
            82.19926162776888
        ],
        [
            97.23714865387704,
            92.02408235048803
        ],
        [
            60.612565489652546,
            99.539655695871
        ],
        [
            48.74177229068846,
            55.62500668861572
        ]
    ],
    "distances": [
        [
            0.0,
            39.11438564737664,
            34.715340398907074,
            13.420921332703191,
            33.30787496721543,
            13.326391759404268,
            46.21842098965237,
            38.50118915853926,
            29.746792668389766,
            40.08672203558523,
            34.26031105449444,
            38.113726908912604,
            57.49721417204592,
            44.110823552321385,
            60.635750491323314,
            45.490791690220114,
            0.0
        ],
        [
            39.11438564737664,
            0.0,
            73.78248234216409,
            27.333117971637712,
            46.45510307749758,
            52.37965245781109,
            85.32633628722283,
            37.861416545529764,
            23.11545682264087,
            73.51635402829261,
            70.30367117630803,
            40.80377410567,
            60.29134951425436,
            73.7239269701194,
            88.94231418956917,
            58.3007289649028,
            39.11438564737664
        ],
        [
            34.715340398907074,
            73.78248234216409,
            0.0,
            47.58497127372638,
            53.8831425213139,
            21.745586561813898,
            11.65586548588854,
            65.17795387512584,
            61.982763951392386,
            30.69556916431222,
            17.41491892703511,
            60.4503989788024,
            72.7913819765265,
            39.95990664733004,
            52.3043788858888,
            60.64480648275335,
            34.715340398907074
        ],
        [
            13.420921332703191,
            27.333117971637712,
            47.58497127372638,
            0.0,
            28.07077064534576,
            25.845737392153495,
            58.87260154970472,
            28.54704658333941,
            16.90526400890597,
            46.953414707021814,
            47.53845672687826,
            39.796736036651936,
            60.83401501790714,
            48.52032244120263,
            64.61417754766563,
            41.239654958472734,
            13.420921332703191
        ],
        [
            33.30787496721543,
            46.45510307749758,
            53.8831425213139,
            28.07077064534576,
            0.0,
            36.78844654677781,
            62.36059870955681,
            14.029679775503064,
            23.48041816567155,
            35.501778741426016,
            62.19561910552939,
            67.77334925299206,
            88.62371593221401,
            31.4047193281126,
            44.15718599124439,
            13.182316498838794,
            33.30787496721543
        ],
        [
            13.326391759404268,
            52.37965245781109,
            21.745586561813898,
            25.845737392153495,
            36.78844654677781,
            0.0,
            33.063578257900865,
            45.80163322080985,
            40.589589546638116,
            30.57712191234673,
            25.471804811513255,
            46.6614329857192,
            63.66799309821335,
            36.7793547013966,
            52.83624064340449,
            46.69956429920606,
            13.326391759404268
        ],
        [
            46.21842098965237,
            85.32633628722283,
            11.65586548588854,
            58.87260154970472,
            62.36059870955681,
            33.063578257900865,
            0.0,
            74.55431846813619,
            72.68000125596754,
            33.57829850883469,
            24.943188154810365,
            71.18410876645444,
            82.06079778719482,
            43.013344854921534,
            52.272209531961046,
            67.42402489174653,
            46.21842098965237
        ],
        [
            38.50118915853926,
            37.861416545529764,
            65.17795387512584,
            28.54704658333941,
            14.029679775503064,
            45.80163322080985,
            74.55431846813619,
            0.0,
            15.745022786258183,
            49.43454175789283,
            71.03710712190646,
            67.06091658769421,
            88.33038120180723,
            45.36710268259134,
            57.33595312865049,
            21.679804502998376,
            38.50118915853926
        ],
        [
            29.746792668389766,
            23.11545682264087,
            61.982763951392386,
            16.90526400890597,
            23.48041816567155,
            40.589589546638116,
            72.68000125596754,
            15.745022786258183,
            0.0,
            53.99271156497847,
            63.988847396539356,
            52.210474211074356,
            73.44839530775972,
            52.558974662412176,
            66.91445534126954,
            35.20591032897719,
            29.746792668389766
        ],
        [
            40.08672203558523,
            73.51635402829261,
            30.69556916431222,
            46.953414707021814,
            35.501778741426016,
            30.57712191234673,
            33.57829850883469,
            49.43454175789283,
            53.99271156497847,
            0.0,
            46.52134437907213,
            77.00261899493826,
            94.1868351402859,
            9.479442833800398,
            22.822893120149754,
            36.191539428325754,
            40.08672203558523
        ],
        [
            34.26031105449444,
            70.30367117630803,
            17.41491892703511,
            47.53845672687826,
            62.19561910552939,
            25.471804811513255,
            24.943188154810365,
            71.03710712190646,
            63.988847396539356,
            46.52134437907213,
            0.0,
            47.98716164751102,
            57.19518560415617,
            55.257055947790334,
            68.9078055897072,
            71.41777493558497,
            34.26031105449444
        ],
        [
            38.113726908912604,
            40.80377410567,
            60.4503989788024,
            39.796736036651936,
            67.77334925299206,
            46.6614329857192,
            71.18410876645444,
            67.06091658769421,
            52.210474211074356,
            77.00261899493826,
            47.98716164751102,
            0.0,
            21.27284457610983,
            82.00627156262087,
            98.4903637836016,
            80.87958101717709,
            38.113726908912604
        ],
        [
            57.49721417204592,
            60.29134951425436,
            72.7913819765265,
            60.83401501790714,
            88.62371593221401,
            63.66799309821335,
            82.06079778719482,
            88.33038120180723,
            73.44839530775972,
            94.1868351402859,
            57.19518560415617,
            21.27284457610983,
            0.0,
            100.22206867603754,
            116.46758505414199,
            101.63675292491385,
            57.49721417204592
        ],
        [
            44.110823552321385,
            73.7239269701194,
            39.95990664733004,
            48.52032244120263,
            31.4047193281126,
            36.7793547013966,
            43.013344854921534,
            45.36710268259134,
            52.558974662412176,
            9.479442833800398,
            55.257055947790334,
            82.00627156262087,
            100.22206867603754,
            0.0,
            16.525514198937497,
            29.073955884501714,
            44.110823552321385
        ],
        [
            60.635750491323314,
            88.94231418956917,
            52.3043788858888,
            64.61417754766563,
            44.15718599124439,
            52.83624064340449,
            52.272209531961046,
            57.33595312865049,
            66.91445534126954,
            22.822893120149754,
            68.9078055897072,
            98.4903637836016,
            116.46758505414199,
            16.525514198937497,
            0.0,
            37.38775113139366,
            60.635750491323314
        ],
        [
            45.490791690220114,
            58.3007289649028,
            60.64480648275335,
            41.239654958472734,
            13.182316498838794,
            46.69956429920606,
            67.42402489174653,
            21.679804502998376,
            35.20591032897719,
            36.191539428325754,
            71.41777493558497,
            80.87958101717709,
            101.63675292491385,
            29.073955884501714,
            37.38775113139366,
            0.0,
            45.490791690220114
        ],
        [
            0.0,
            39.11438564737664,
            34.715340398907074,
            13.420921332703191,
            33.30787496721543,
            13.326391759404268,
            46.21842098965237,
            38.50118915853926,
            29.746792668389766,
            40.08672203558523,
            34.26031105449444,
            38.113726908912604,
            57.49721417204592,
            44.110823552321385,
            60.635750491323314,
            45.490791690220114,
            0.0
        ]
    ],
    "scores_ave": [
        0,
        15.82811209636096,
        14.518106705621104,
        12.682103009748289,
        11.718299489754866,
        12.106473757543988,
        19.978198540201376,
        10.325637961650042,
        13.663693317550983,
        19.56927755424523,
        11.600485270088134,
        11.631942477753315,
        11.08501406273157,
        11.526200857435285,
        18.992395120173306,
        15.108419747618594,
        0
    ],
    "scores_var": [
        0,
        320.59975171227643,
        288.9268700270305,
        20.666676994039808,
        17.497230425172933,
        22.667829970267775,
        348.6571960014741,
        23.107605179341057,
        18.04565080265157,
        16.353879703194092,
        380.60161748031015,
        20.896343076341317,
        273.8403671209458,
        17.972485822379205,
        270.2566334259485,
        22.274310948372985,
        0
    ],
    "vertex_number": 17,
    "minimum_distances": {
        "cost": 384.5795601207594,
        "path": [
            0,
            3,
            8,
            1,
            11,
            12,
            10,
            2,
            6,
            9,
            13,
            14,
            15,
            7,
            4,
            5,
            16
        ]
    }
}