{
    "vertices": [
        [
            23.79590932435981,
            5.905278167762063
        ],
        [
            19.78092346507023,
            73.48487038092021
        ],
        [
            65.54942203923517,
            33.690706365404786
        ],
        [
            53.85521544430792,
            77.98928486285226
        ],
        [
            33.34496484987933,
            65.96878475469624
        ],
        [
            44.31730941095907,
            19.321283354761142
        ],
        [
            98.93705061132738,
            23.628882358682326
        ],
        [
            54.32044045549039,
            37.926897480330744
        ],
        [
            72.53312850525887,
            67.20254745566064
        ],
        [
            39.844778719237226,
            52.76772052786286
        ],
        [
            79.9733657233517,
            97.79996361776027
        ],
        [
            56.116646038804,
            17.82375998775958
        ],
        [
            44.35030396973445,
            4.969919138676038
        ],
        [
            76.05959608074353,
            95.40594991586401
        ],
        [
            74.81172134724532,
            38.8128820722255
        ],
        [
            84.6308477152187,
            95.51090914850847
        ],
        [
            84.91352603223322,
            38.448355778406096
        ],
        [
            74.27923165875644,
            5.876154817857248
        ],
        [
            36.99934921162846,
            66.96602246242148
        ],
        [
            23.79590932435981,
            5.905278167762063
        ]
    ],
    "distances": [
        [
            0.0,
            67.69875475329691,
            50.15362244302616,
            78.10035790974685,
            60.817836897970494,
            24.517688649052186,
            77.20309099656845,
            44.239474501562874,
            78.31137692340845,
            49.53437909984946,
            107.70580217153923,
            34.44822536297091,
            20.575666107105704,
            103.64296018896263,
            60.70851234454232,
            108.3053961373915,
            69.24171410662021,
            50.48333073488812,
            62.47195625778417,
            0.0
        ],
        [
            67.69875475329691,
            0.0,
            60.649245266755635,
            34.3707306252192,
            15.50724868664795,
            59.46199117777606,
            93.54844737604122,
            49.571641799829244,
            53.12497263942209,
            28.840225132515847,
            64.91805499345135,
            66.47137688625804,
            72.78703869584248,
            60.39720787718144,
            65.0425667453789,
            68.4883863077624,
            73.95818597467215,
            86.83895448507633,
            18.411126075671056,
            67.69875475329691
        ],
        [
            50.15362244302616,
            60.649245266755635,
            0.0,
            45.81613825694343,
            45.59606789369339,
            25.63752960639181,
            34.870819376811966,
            12.001472516747976,
            34.231792960085244,
            32.01032891994303,
            65.71184837494118,
            18.459069598042543,
            35.69714590618776,
            62.60379417315931,
            10.584274771693604,
            64.69805466914863,
            19.940003796104826,
            29.15233873609912,
            43.844649842575144,
            50.15362244302616
        ],
        [
            78.10035790974685,
            34.3707306252192,
            45.81613825694343,
            0.0,
            23.77315297339495,
            59.4382541168091,
            70.6217050377692,
            40.065088507305816,
            21.568916064655383,
            28.85168356840236,
            32.78140885820618,
            60.20800986437867,
            73.63539307222091,
            28.220112349466607,
            44.429333500214454,
            35.413935947336086,
            50.28025188319201,
            74.94960949340843,
            20.140321258677446,
            78.10035790974685
        ],
        [
            60.817836897970494,
            15.50724868664795,
            45.59606789369339,
            23.77315297339495,
            0.0,
            47.92057733400135,
            78.07041084457761,
            35.018823777931296,
            39.207580148271084,
            14.714471688010999,
            56.457344215164895,
            53.25873518944071,
            61.9837002411465,
            51.87568229830417,
            49.56747870238779,
            59.18596873395574,
            58.45246370733407,
            72.70996060998944,
            3.7880084621217094,
            60.817836897970494
        ],
        [
            24.517688649052186,
            59.46199117777606,
            25.63752960639181,
            59.4382541168091,
            47.92057733400135,
            0.0,
            54.789337812879204,
            21.12419247411984,
            55.576504919456205,
            33.7441504614153,
            86.19894203280317,
            11.893986761885968,
            14.351402144168244,
            82.44058010919731,
            36.19159543184821,
            86.19768238879892,
            44.87647160217451,
            32.84034509801812,
            48.203461557402754,
            24.517688649052186
        ],
        [
            77.20309099656845,
            93.54844737604122,
            34.870819376811966,
            70.6217050377692,
            78.07041084457761,
            54.789337812879204,
            0.0,
            46.8516289814647,
            50.949302179391616,
            65.88602649438195,
            76.55697642717598,
            43.21211049573914,
            57.68769207863151,
            75.33475527873675,
            28.50588289110255,
            73.29183594860966,
            20.402843773806566,
            30.38366947286874,
            75.59356167723136,
            77.20309099656845
        ],
        [
            44.239474501562874,
            49.571641799829244,
            12.001472516747976,
            40.065088507305816,
            35.018823777931296,
            21.12419247411984,
            46.8516289814647,
            0.0,
            34.47848151349204,
            20.731493227227617,
            65.13721381434338,
            20.183223021676877,
            34.43204964792103,
            61.45268388106217,
            20.510425672859053,
            65.074105357288,
            30.597529375139782,
            37.757164240865194,
            33.81258614190397,
            44.239474501562874
        ],
        [
            78.31137692340845,
            53.12497263942209,
            34.231792960085244,
            21.568916064655383,
            39.207580148271084,
            55.576504919456205,
            50.949302179391616,
            34.47848151349204,
            0.0,
            35.733631779722266,
            31.489029925645685,
            52.03619459925526,
            68.31670093059317,
            28.423016797890234,
            28.480960059713002,
            30.7850312947076,
            31.306193986784894,
            61.35124538417032,
            35.53456648055333,
            78.31137692340845
        ],
        [
            49.53437909984946,
            28.840225132515847,
            32.01032891994303,
            28.85168356840236,
            14.714471688010999,
            33.7441504614153,
            65.88602649438195,
            20.731493227227617,
            35.733631779722266,
            0.0,
            60.31754647409324,
            38.54677735289788,
            48.00968210083272,
            55.94221663351448,
            37.64869975275833,
            61.9093866031065,
            47.28885905993788,
            58.176889603860204,
            14.480616247510378,
            49.53437909984946
        ],
        [
            107.70580217153923,
            64.91805499345135,
            65.71184837494118,
            32.78140885820618,
            56.457344215164895,
            86.19894203280317,
            76.55697642717598,
            65.13721381434338,
            31.489029925645685,
            60.31754647409324,
            0.0,
            83.45858985853057,
            99.4304766492185,
            4.587907411911047,
            59.21248484842499,
            5.1895962143279535,
            59.5568513018774,
            92.09999884379322,
            52.891379470767795,
            107.70580217153923
        ],
        [
            34.44822536297091,
            66.47137688625804,
            18.459069598042543,
            60.20800986437867,
            53.25873518944071,
            11.893986761885968,
            43.21211049573914,
            20.183223021676877,
            52.03619459925526,
            38.54677735289788,
            83.45858985853057,
            0.0,
            17.42607328860764,
            80.10441592331702,
            28.107811844128094,
            82.75477534237949,
            35.42081660384919,
            21.739935273546244,
            52.729811294057356,
            34.44822536297091
        ],
        [
            20.575666107105704,
            72.78703869584248,
            35.69714590618776,
            73.63539307222091,
            61.9837002411465,
            14.351402144168244,
            57.68769207863151,
            34.43204964792103,
            68.31670093059317,
            48.00968210083272,
            99.4304766492185,
            17.42607328860764,
            0.0,
            95.83399641522728,
            45.5328901868586,
            99.09688731939288,
            52.594493095114125,
            29.94264476830543,
            62.43038813898438,
            20.575666107105704
        ],
        [
            103.64296018896263,
            60.39720787718144,
            62.60379417315931,
            28.220112349466607,
            51.87568229830417,
            82.44058010919731,
            75.33475527873675,
            61.45268388106217,
            28.423016797890234,
            55.94221663351448,
            4.587907411911047,
            80.10441592331702,
            95.83399641522728,
            0.0,
            56.60682396412269,
            8.571894249348311,
            57.64164818525982,
            89.54749526238102,
            48.31699865506226,
            103.64296018896263
        ],
        [
            60.70851234454232,
            65.0425667453789,
            10.584274771693604,
            44.429333500214454,
            49.56747870238779,
            36.19159543184821,
            28.50588289110255,
            20.510425672859053,
            28.480960059713002,
            37.64869975275833,
            59.21248484842499,
            28.107811844128094,
            45.5328901868586,
            56.60682396412269,
            0.0,
            57.54199785350825,
            10.10837955918401,
            32.94103136662529,
            47.142070386783594,
            60.70851234454232
        ],
        [
            108.3053961373915,
            68.4883863077624,
            64.69805466914863,
            35.413935947336086,
            59.18596873395574,
            86.19768238879892,
            73.29183594860966,
            65.074105357288,
            30.7850312947076,
            61.9093866031065,
            5.1895962143279535,
            82.75477534237949,
            99.09688731939288,
            8.571894249348311,
            57.54199785350825,
            0.0,
            57.063253536288066,
            90.23051113064031,
            55.529903706193,
            108.3053961373915
        ],
        [
            69.24171410662021,
            73.95818597467215,
            19.940003796104826,
            50.28025188319201,
            58.45246370733407,
            44.87647160217451,
            20.402843773806566,
            30.597529375139782,
            31.306193986784894,
            47.28885905993788,
            59.5568513018774,
            35.42081660384919,
            52.594493095114125,
            57.64164818525982,
            10.10837955918401,
            57.063253536288066,
            0.0,
            34.26421591450969,
            55.758637478840704,
            69.24171410662021
        ],
        [
            50.48333073488812,
            86.83895448507633,
            29.15233873609912,
            74.94960949340843,
            72.70996060998944,
            32.84034509801812,
            30.38366947286874,
            37.757164240865194,
            61.35124538417032,
            58.176889603860204,
            92.09999884379322,
            21.739935273546244,
            29.94264476830543,
            89.54749526238102,
            32.94103136662529,
            90.23051113064031,
            34.26421591450969,
            0.0,
            71.56648352477616,
            50.48333073488812
        ],
        [
            62.47195625778417,
            18.411126075671056,
            43.844649842575144,
            20.140321258677446,
            3.7880084621217094,
            48.203461557402754,
            75.59356167723136,
            33.81258614190397,
            35.53456648055333,
            14.480616247510378,
            52.891379470767795,
            52.729811294057356,
            62.43038813898438,
            48.31699865506226,
            47.142070386783594,
            55.529903706193,
            55.758637478840704,
            71.56648352477616,
            0.0,
            62.47195625778417
        ],
        [
            0.0,
            67.69875475329691,
            50.15362244302616,
            78.10035790974685,
            60.817836897970494,
            24.517688649052186,
            77.20309099656845,
            44.239474501562874,
            78.31137692340845,
            49.53437909984946,
            107.70580217153923,
            34.44822536297091,
            20.575666107105704,
            103.64296018896263,
            60.70851234454232,
            108.3053961373915,
            69.24171410662021,
            50.48333073488812,
            62.47195625778417,
            0.0
        ]
    ],
    "scores_ave": [
        0,
        17.382725924422502,
        19.789112682824925,
        15.131473079879278,
        15.369800944033594,
        16.82843622182892,
        11.701506495280618,
        19.77862868807395,
        11.30517850651808,
        14.699471348307306,
        19.401452960312525,
        13.198140970225058,
        18.05827436885804,
        13.404827897831364,
        12.062957991697742,
        11.746345740059276,
        17.00093876514621,
        11.993789206366683,
        15.105808963352585,
        0
    ],
    "scores_var": [
        0,
        20.024664149406338,
        20.250578623648366,
        23.01955087673958,
        283.1979280575908,
        17.45223590328637,
        22.178598340168712,
        18.705539126374983,
        274.01660198031624,
        18.11220444314706,
        17.511690103632482,
        238.31211917497947,
        312.3120293923382,
        21.59049141551843,
        352.41917369958816,
        323.5798712686534,
        16.878333196536055,
        19.683547618577613,
        16.72074647454169,
        0
    ],
    "vertex_number": 20,
    "minimum_distances": {
        "cost": 364.4271257858522,
        "path": [
            0,
            12,
            17,
            6,
            16,
            14,
            8,
            15,
            10,
            13,
            3,
            1,
            4,
            18,
            9,
            7,
            2,
            11,
            5,
            19
        ]
    }
}