{
    "vertices": [
        [
            33.05456106576919,
            46.19353060194723
        ],
        [
            84.28019287017294,
            75.18606690715298
        ],
        [
            64.53606570717412,
            23.844407555473836
        ],
        [
            38.5976861061869,
            12.621000564499374
        ],
        [
            31.089013950944235,
            72.42475347856526
        ],
        [
            67.42853470237988,
            68.6535207857156
        ],
        [
            65.72448622402877,
            70.89910555022848
        ],
        [
            99.25564022033467,
            57.85579894939241
        ],
        [
            71.90858387340117,
            75.61017698748778
        ],
        [
            73.94324468486089,
            14.294444686386342
        ],
        [
            79.75495857919796,
            58.289348737785375
        ],
        [
            18.8309818496625,
            18.315748532481948
        ],
        [
            48.800817713996935,
            15.408077674785059
        ],
        [
            91.4207088256019,
            12.287305788856727
        ],
        [
            57.909917054518054,
            16.578884257740643
        ],
        [
            23.55943417433648,
            3.3900287854512268
        ],
        [
            10.616047108292747,
            33.50775832584779
        ],
        [
            15.587642213856356,
            7.494254973290904
        ],
        [
            33.05456106576919,
            46.19353060194723
        ]
    ],
    "distances": [
        [
            0.0,
            58.861129068078654,
            38.60788048356459,
            34.02706288131616,
            26.30476057795254,
            41.061188762934975,
            40.95960746114914,
            67.22046849164967,
            48.73370674295073,
            51.859773720587256,
            48.24143389543407,
            31.296660186503324,
            34.578732052554706,
            67.49992063253453,
            38.6628503788826,
            43.84400988093111,
            25.776262856762585,
            42.45853492952885,
            0.0
        ],
        [
            58.861129068078654,
            0.0,
            55.00724081802804,
            77.46792207554219,
            53.262804720257634,
            18.073531526319176,
            19.044481794302595,
            22.90419635842412,
            12.378876303172504,
            61.762789399948474,
            17.49219340972575,
            86.70543428899799,
            69.51398462279208,
            63.302773385739044,
            64.26657999843536,
            94.03021656133124,
            84.6373899469143,
            96.44090376266686,
            58.861129068078654
        ],
        [
            38.60788048356459,
            55.00724081802804,
            0.0,
            28.262420292854685,
            58.980973891511375,
            44.90237193477483,
            47.06970306579858,
            48.602711847439394,
            52.28813353907153,
            13.405103771294787,
            37.6572525989754,
            46.03825323591978,
            17.854122528497133,
            29.263469323529822,
            9.833294196605712,
            45.79809977112037,
            54.77909047999063,
            51.60693414592506,
            38.60788048356459
        ],
        [
            34.02706288131616,
            77.46792207554219,
            28.262420292854685,
            0.0,
            60.27328612363491,
            63.014769325274905,
            64.28219664386874,
            75.66752528156302,
            71.25484023211446,
            35.385151214422585,
            61.47779357047672,
            20.570676984089307,
            10.576941591262127,
            52.82407672093404,
            19.713627457444375,
            17.645392065674997,
            34.91745653379866,
            23.57425800070818,
            34.02706288131616
        ],
        [
            26.30476057795254,
            53.262804720257634,
            58.980973891511375,
            60.27328612363491,
            0.0,
            36.534681666433606,
            34.669057402543345,
            69.70612148888974,
            40.94367120307542,
            72.21923491750546,
            50.677251639625446,
            55.48012046896908,
            59.70434919044226,
            85.18465836687511,
            61.952578254022185,
            69.44413427400727,
            43.97357027871335,
            66.7552407071896,
            26.30476057795254
        ],
        [
            41.061188762934975,
            18.073531526319176,
            44.90237193477483,
            63.014769325274905,
            36.534681666433606,
            0.0,
            2.8189416721853475,
            33.60885958353302,
            8.274412733507065,
            54.74806481080868,
            16.10455798307079,
            69.96866054664102,
            56.40983116690415,
            61.25989399461219,
            52.937433366634714,
            78.63727722402493,
            66.80481543656683,
            80.17439696512518,
            41.061188762934975
        ],
        [
            40.95960746114914,
            19.044481794302595,
            47.06970306579858,
            64.28219664386874,
            34.669057402543345,
            2.8189416721853475,
            0.0,
            35.978690017945276,
            7.774140327002956,
            57.198213452415466,
            18.86425512386117,
            70.45573211431773,
            58.01434935005892,
            63.99717905702357,
            54.87944909134855,
            79.59501906517674,
            66.59619290189933,
            80.83240812931496,
            40.95960746114914
        ],
        [
            67.22046849164967,
            22.90419635842412,
            48.602711847439394,
            75.66752528156302,
            69.70612148888974,
            33.60885958353302,
            35.978690017945276,
            0.0,
            32.604898870598554,
            50.38163309154825,
            19.505500503396007,
            89.618866657703,
            65.93556062969964,
            46.23714652616396,
            58.42304776854972,
            93.25468207714547,
            91.92281843630627,
            97.65561428852345,
            67.22046849164967
        ],
        [
            48.73370674295073,
            12.378876303172504,
            52.28813353907153,
            71.25484023211446,
            40.94367120307542,
            8.274412733507065,
            7.774140327002956,
            32.604898870598554,
            0.0,
            61.349481434141104,
            19.015169925074467,
            78.10175009931704,
            64.48458434799925,
            66.26091636091907,
            60.66841183063222,
            86.91024153082702,
            74.35985960356689,
            88.38454220768472,
            48.73370674295073
        ],
        [
            51.859773720587256,
            61.762789399948474,
            13.405103771294787,
            35.385151214422585,
            72.21923491750546,
            54.74806481080868,
            57.198213452415466,
            50.38163309154825,
            61.349481434141104,
            0.0,
            44.37710672048638,
            55.25877667338115,
            25.167077947550382,
            17.592338086362044,
            16.19525421403086,
            51.55031180992988,
            66.17768033038037,
            58.75048016729735,
            51.859773720587256
        ],
        [
            48.24143389543407,
            17.49219340972575,
            37.6572525989754,
            61.47779357047672,
            50.677251639625446,
            16.10455798307079,
            18.86425512386117,
            19.505500503396007,
            19.015169925074467,
            44.37710672048638,
            0.0,
            72.86713699545504,
            52.88631434200361,
            47.458167729976154,
            47.08469694450696,
            78.56126459245762,
            73.44600944045024,
            81.83878078315696,
            48.24143389543407
        ],
        [
            31.296660186503324,
            86.70543428899799,
            46.03825323591978,
            20.570676984089307,
            55.48012046896908,
            69.96866054664102,
            70.45573211431773,
            89.618866657703,
            78.10175009931704,
            55.25877667338115,
            72.86713699545504,
            0.0,
            30.110556480275257,
            72.83962235181203,
            39.11751365123008,
            15.656799524603283,
            17.270851581977286,
            11.297078155204751,
            31.296660186503324
        ],
        [
            34.578732052554706,
            69.51398462279208,
            17.854122528497133,
            10.576941591262127,
            59.70434919044226,
            56.40983116690415,
            58.01434935005892,
            65.93556062969964,
            64.48458434799925,
            25.167077947550382,
            52.88631434200361,
            30.110556480275257,
            0.0,
            42.73399508036974,
            9.184033909463446,
            27.956411466829213,
            42.25724962513184,
            34.142987809414436,
            34.578732052554706
        ],
        [
            67.49992063253453,
            63.302773385739044,
            29.263469323529822,
            52.82407672093404,
            85.18465836687511,
            61.25989399461219,
            63.99717905702357,
            46.23714652616396,
            66.26091636091907,
            17.592338086362044,
            47.458167729976154,
            72.83962235181203,
            42.73399508036974,
            0.0,
            33.784475885819646,
            68.44204946792438,
            83.54460462006783,
            75.98438871151122,
            67.49992063253453
        ],
        [
            38.6628503788826,
            64.26657999843536,
            9.833294196605712,
            19.713627457444375,
            61.952578254022185,
            52.937433366634714,
            54.87944909134855,
            58.42304776854972,
            60.66841183063222,
            16.19525421403086,
            47.08469694450696,
            39.11751365123008,
            9.184033909463446,
            33.784475885819646,
            0.0,
            36.79540165252427,
            50.23242888517639,
            43.28631928132014,
            38.6628503788826
        ],
        [
            43.84400988093111,
            94.03021656133124,
            45.79809977112037,
            17.645392065674997,
            69.44413427400727,
            78.63727722402493,
            79.59501906517674,
            93.25468207714547,
            86.91024153082702,
            51.55031180992988,
            78.56126459245762,
            15.656799524603283,
            27.956411466829213,
            68.44204946792438,
            36.79540165252427,
            0.0,
            32.781227881363804,
            8.96627791573095,
            43.84400988093111
        ],
        [
            25.776262856762585,
            84.6373899469143,
            54.77909047999063,
            34.91745653379866,
            43.97357027871335,
            66.80481543656683,
            66.59619290189933,
            91.92281843630627,
            74.35985960356689,
            66.17768033038037,
            73.44600944045024,
            17.270851581977286,
            42.25724962513184,
            83.54460462006783,
            50.23242888517639,
            32.781227881363804,
            0.0,
            26.48431827642827,
            25.776262856762585
        ],
        [
            42.45853492952885,
            96.44090376266686,
            51.60693414592506,
            23.57425800070818,
            66.7552407071896,
            80.17439696512518,
            80.83240812931496,
            97.65561428852345,
            88.38454220768472,
            58.75048016729735,
            81.83878078315696,
            11.297078155204751,
            34.142987809414436,
            75.98438871151122,
            43.28631928132014,
            8.96627791573095,
            26.48431827642827,
            0.0,
            42.45853492952885
        ],
        [
            0.0,
            58.861129068078654,
            38.60788048356459,
            34.02706288131616,
            26.30476057795254,
            41.061188762934975,
            40.95960746114914,
            67.22046849164967,
            48.73370674295073,
            51.859773720587256,
            48.24143389543407,
            31.296660186503324,
            34.578732052554706,
            67.49992063253453,
            38.6628503788826,
            43.84400988093111,
            25.776262856762585,
            42.45853492952885,
            0.0
        ]
    ],
    "scores_ave": [
        0,
        10.839430762620877,
        18.905282884350598,
        14.130460642885108,
        19.07480269984218,
        16.281489510057053,
        13.953191779312085,
        11.247246832579961,
        15.990556021387384,
        17.954467017124642,
        10.621387968112504,
        12.936346481751073,
        16.316899010706273,
        19.76177121722875,
        13.401593869422165,
        14.586970015318581,
        10.496048154905417,
        14.993819831603851,
        0
    ],
    "scores_var": [
        0,
        20.64236398017377,
        24.498526879574477,
        325.75255109309217,
        22.842346555045697,
        379.3856915825908,
        19.364091901364958,
        340.4202418712342,
        20.048522479381713,
        23.666456163163446,
        22.186997685466217,
        235.95185773525307,
        336.9740392275835,
        324.52724014104786,
        330.11101696645613,
        22.642996636813837,
        241.30585484835956,
        18.12779406130601,
        0
    ],
    "vertex_number": 19,
    "minimum_distances": {
        "cost": 309.22846325898524,
        "path": [
            0,
            16,
            11,
            17,
            15,
            3,
            12,
            14,
            2,
            9,
            13,
            7,
            10,
            1,
            8,
            5,
            6,
            4,
            18
        ]
    }
}