{
    "vertices": [
        [
            99.03727424360528,
            33.39259164590089
        ],
        [
            83.63491357343847,
            28.673832019033952
        ],
        [
            75.12783566142812,
            25.802100395974758
        ],
        [
            13.859206698195125,
            18.457135397571577
        ],
        [
            98.26103640396215,
            26.456984252118055
        ],
        [
            3.002526575815767,
            2.280650608888324
        ],
        [
            84.04040835803542,
            70.08087859565063
        ],
        [
            65.81672864123848,
            94.32438152387108
        ],
        [
            37.06336795956072,
            33.054618157350426
        ],
        [
            59.040901140788336,
            47.5181106735427
        ],
        [
            94.04093181154781,
            36.778746478575485
        ],
        [
            87.71016858002437,
            10.031401777281934
        ],
        [
            56.152930772414976,
            94.03949887321947
        ],
        [
            27.537587200239667,
            94.7530953660502
        ],
        [
            64.44626659486944,
            47.538756061516665
        ],
        [
            13.876907316808374,
            48.25855999194955
        ],
        [
            98.72674570084557,
            19.860757483047152
        ],
        [
            2.922573469741707,
            19.302937738667747
        ],
        [
            86.48433194245565,
            60.91142823715765
        ],
        [
            98.47344857087947,
            51.01837148032794
        ],
        [
            25.8770425591891,
            16.416145319548658
        ],
        [
            66.58361265894673,
            87.39741031181542
        ],
        [
            99.03727424360528,
            33.39259164590089
        ]
    ],
    "distances": [
        [
            0.0,
            16.108985276237945,
            25.0853903842477,
            86.47757538296396,
            6.978910739104564,
            100.94862869156049,
            39.63503987252878,
            69.39947887305813,
            61.97482784310498,
            42.41745099814474,
            6.03568407466987,
            25.962444314655578,
            74.27727964319917,
            94.21951318113292,
            37.37180458351637,
            86.44816429498319,
            13.535396698539873,
            97.14192736442355,
            30.246697799136413,
            17.634795552002295,
            75.10405601556397,
            63.00603613456295,
            0.0
        ],
        [
            16.108985276237945,
            0.0,
            8.97870910075009,
            70.51971468883636,
            14.793170149607763,
            84.84209956079147,
            41.40903201257473,
            68.02560080267685,
            46.777132747264034,
            30.983419526355114,
            13.189952765963556,
            19.0826598954992,
            70.90789647118379,
            86.67975006139271,
            26.908911757943475,
            72.45509648515518,
            17.476661000851855,
            81.2545106725074,
            32.36327849530199,
            26.822762061495563,
            59.0442422876389,
            61.149043413490794,
            16.108985276237945
        ],
        [
            25.0853903842477,
            8.97870910075009,
            0.0,
            61.70732052084324,
            23.1424685256222,
            75.86381753366716,
            45.16684791889291,
            69.15200448947145,
            38.74922857690945,
            27.025442913054885,
            21.86760081047635,
            20.17498541749239,
            70.82647503927733,
            83.77989887772017,
            24.219374831857206,
            65.23778660150413,
            24.33532639307541,
            72.497165485392,
            36.90033752204242,
            34.36390503882712,
            50.1371795566548,
            62.18509427784596,
            25.0853903842477
        ],
        [
            86.47757538296396,
            70.51971468883636,
            61.70732052084324,
            0.0,
            84.78010638927557,
            19.48194454868835,
            87.12297015254005,
            91.95337471376644,
            27.41385785994924,
            53.72081344036465,
            82.24834633448151,
            74.33005823966154,
            86.61092751282136,
            77.5123964322508,
            58.35058945230385,
            29.801429851037273,
            84.87914544412679,
            10.969290221974948,
            84.12357456298358,
            90.6631348615639,
            12.189914654351801,
            86.79069356310997,
            86.47757538296396
        ],
        [
            6.978910739104564,
            14.793170149607763,
            23.1424685256222,
            84.78010638927557,
            0.0,
            98.27857753909457,
            45.88322590790987,
            75.22377761482257,
            61.552281811305406,
            44.517300639199604,
            11.151146050090102,
            19.522309583546946,
            79.62718657838491,
            98.31665708595914,
            39.84820899194193,
            87.15497660224023,
            6.612646424708583,
            95.60650028202234,
            36.41152946927523,
            24.562305704121638,
            73.07708951094004,
            68.68183677988459,
            6.978910739104564
        ],
        [
            100.94862869156049,
            84.84209956079147,
            75.86381753366716,
            19.48194454868835,
            98.27857753909457,
            0.0,
            105.65987506525812,
            111.43461034106733,
            45.90400847902535,
            72.01893651662293,
            97.35558456760192,
            85.06149985503149,
            106.04080205778537,
            95.67195116234701,
            76.31270730809048,
            47.24637877908804,
            97.32515751234914,
            17.02247489725936,
            102.01362611224596,
            107.19170855215388,
            26.889694906947316,
            106.24225755242753,
            100.94862869156049
        ],
        [
            39.63503987252878,
            41.40903201257473,
            45.16684791889291,
            87.12297015254005,
            45.88322590790987,
            105.65987506525812,
            0.0,
            30.329027954272284,
            59.81459927680498,
            33.67571613807332,
            34.77128805332611,
            60.16150601710941,
            36.76583865075317,
            61.6545787363391,
            29.867669473511917,
            73.47877562673256,
            52.323503983500395,
            95.70006486225456,
            9.489551220334526,
            23.91007794440038,
            79.13836439202906,
            24.588655651675275,
            39.63503987252878
        ],
        [
            69.39947887305813,
            68.02560080267685,
            69.15200448947145,
            91.95337471376644,
            75.22377761482257,
            111.43461034106733,
            30.329027954272284,
            0.0,
            67.68116173264234,
            47.29417331162642,
            64.09450645231034,
            87.08977636274027,
            9.667996037138206,
            38.28154209300442,
            46.80569320204801,
            69.4248151068807,
            81.41191883352708,
            97.8973532959535,
            39.288360535361825,
            54.23902527197986,
            87.54925352509377,
            6.969292738095038,
            69.39947887305813
        ],
        [
            61.97482784310498,
            46.777132747264034,
            38.74922857690945,
            27.41385785994924,
            61.552281811305406,
            45.90400847902535,
            59.81459927680498,
            67.68116173264234,
            0.0,
            26.3097810803874,
            57.09914109914628,
            55.63422422908808,
            63.90279402588501,
            62.4295009506491,
            30.977627225120024,
            27.726734471404612,
            63.059100167678494,
            36.80628428317149,
            56.731239619992856,
            63.98354815214183,
            20.049255705319002,
            61.843220374225425,
            61.97482784310498
        ],
        [
            42.41745099814474,
            30.983419526355114,
            27.025442913054885,
            53.72081344036465,
            44.517300639199604,
            72.01893651662293,
            33.67571613807332,
            47.29417331162642,
            26.3097810803874,
            0.0,
            36.610600790839904,
            47.19301049282018,
            46.61094220109295,
            56.77677842338526,
            5.4054048806928465,
            45.17006313174279,
            48.37246576254759,
            62.81212211301142,
            30.537237097120283,
            39.58759430101687,
            45.46618265151979,
            40.58634051852049,
            42.41745099814474
        ],
        [
            6.03568407466987,
            13.189952765963556,
            21.86760081047635,
            82.24834633448151,
            11.151146050090102,
            97.35558456760192,
            34.77128805332611,
            64.09450645231034,
            57.09914109914628,
            36.610600790839904,
            0.0,
            27.48634227509046,
            68.66071939283812,
            88.22539301934023,
            31.490030414597225,
            80.98183093444499,
            17.554919636898187,
            92.77908771926798,
            25.28811045615247,
            14.913555076248242,
            71.14036353554445,
            57.586053027711024,
            6.03568407466987
        ],
        [
            25.962444314655578,
            19.0826598954992,
            20.17498541749239,
            74.33005823966154,
            19.522309583546946,
            85.06149985503149,
            60.16150601710941,
            87.08977636274027,
            55.63422422908808,
            47.19301049282018,
            27.48634227509046,
            0.0,
            89.73973275938859,
            103.91585497149102,
            44.13627488787422,
            83.14244459920302,
            14.76418656917679,
            85.29301063785063,
            50.89479116785586,
            42.37664311386584,
            62.161888835596145,
            80.19869476276986,
            25.962444314655578
        ],
        [
            74.27727964319917,
            70.90789647118379,
            70.82647503927733,
            86.61092751282136,
            79.62718657838491,
            106.04080205778537,
            36.76583865075317,
            9.667996037138206,
            63.90279402588501,
            46.61094220109295,
            68.66071939283812,
            89.73973275938859,
            0.0,
            28.624239862539845,
            47.234505407637506,
            62.3149783284049,
            85.52786324812706,
            91.75524240493755,
            44.91617705243676,
            60.34768950743311,
            83.31875193507118,
            12.365939716639259,
            74.27727964319917
        ],
        [
            94.21951318113292,
            86.67975006139271,
            83.77989887772017,
            77.5123964322508,
            98.31665708595914,
            95.67195116234701,
            61.6545787363391,
            38.28154209300442,
            62.4295009506491,
            56.77677842338526,
            88.22539301934023,
            103.91585497149102,
            28.624239862539845,
            0.0,
            59.92866134512925,
            48.459838985814656,
            103.32840152449026,
            79.36387835123395,
            67.97041378251816,
            83.33440167034856,
            78.35454773714797,
            39.7328353725114,
            94.21951318113292
        ],
        [
            37.37180458351637,
            26.908911757943475,
            24.219374831857206,
            58.35058945230385,
            39.84820899194193,
            76.31270730809048,
            29.867669473511917,
            46.80569320204801,
            30.977627225120024,
            5.4054048806928465,
            31.490030414597225,
            44.13627488787422,
            47.234505407637506,
            59.92866134512925,
            0.0,
            50.574481860834595,
            44.05931062834536,
            67.69362046837072,
            25.77798838896555,
            34.2046318017214,
            49.5600841616574,
            39.91591871474945,
            37.37180458351637
        ],
        [
            86.44816429498319,
            72.45509648515518,
            65.23778660150413,
            29.801429851037273,
            87.15497660224023,
            47.24637877908804,
            73.47877562673256,
            69.4248151068807,
            27.726734471404612,
            45.17006313174279,
            80.98183093444499,
            83.14244459920302,
            62.3149783284049,
            48.459838985814656,
            50.574481860834595,
            0.0,
            89.47586412620923,
            30.958447798746928,
            73.70164981599562,
            84.64154625007235,
            34.02855592005866,
            65.6494203507073,
            86.44816429498319
        ],
        [
            13.535396698539873,
            17.476661000851855,
            24.33532639307541,
            84.87914544412679,
            6.612646424708583,
            97.32515751234914,
            52.323503983500395,
            81.41191883352708,
            63.059100167678494,
            48.37246576254759,
            17.554919636898187,
            14.76418656917679,
            85.52786324812706,
            103.32840152449026,
            44.05931062834536,
            89.47586412620923,
            0.0,
            95.8057961699303,
            42.83729991484055,
            31.1586435750916,
            72.93109488266576,
            74.79559129429208,
            13.535396698539873
        ],
        [
            97.14192736442355,
            81.2545106725074,
            72.497165485392,
            10.969290221974948,
            95.60650028202234,
            17.02247489725936,
            95.70006486225456,
            97.8973532959535,
            36.80628428317149,
            62.81212211301142,
            92.77908771926798,
            85.29301063785063,
            91.75524240493755,
            79.36387835123395,
            67.69362046837072,
            30.958447798746928,
            95.8057961699303,
            0.0,
            93.3479188874348,
            100.6769013727323,
            23.13528088546753,
            93.21794411841884,
            97.14192736442355
        ],
        [
            30.246697799136413,
            32.36327849530199,
            36.90033752204242,
            84.12357456298358,
            36.41152946927523,
            102.01362611224596,
            9.489551220334526,
            39.288360535361825,
            56.731239619992856,
            30.537237097120283,
            25.28811045615247,
            50.89479116785586,
            44.91617705243676,
            67.97041378251816,
            25.77798838896555,
            73.70164981599562,
            42.83729991484055,
            93.3479188874348,
            0.0,
            15.543856970642851,
            75.18692524837734,
            33.12922991045998,
            30.246697799136413
        ],
        [
            17.634795552002295,
            26.822762061495563,
            34.36390503882712,
            90.6631348615639,
            24.562305704121638,
            107.19170855215388,
            23.91007794440038,
            54.23902527197986,
            63.98354815214183,
            39.58759430101687,
            14.913555076248242,
            42.37664311386584,
            60.34768950743311,
            83.33440167034856,
            34.2046318017214,
            84.64154625007235,
            31.1586435750916,
            100.6769013727323,
            15.543856970642851,
            0.0,
            80.42109313542008,
            48.37764050460572,
            17.634795552002295
        ],
        [
            75.10405601556397,
            59.0442422876389,
            50.1371795566548,
            12.189914654351801,
            73.07708951094004,
            26.889694906947316,
            79.13836439202906,
            87.54925352509377,
            20.049255705319002,
            45.46618265151979,
            71.14036353554445,
            62.161888835596145,
            83.31875193507118,
            78.35454773714797,
            49.5600841616574,
            34.02855592005866,
            72.93109488266576,
            23.13528088546753,
            75.18692524837734,
            80.42109313542008,
            0.0,
            81.82520900791441,
            75.10405601556397
        ],
        [
            63.00603613456295,
            61.149043413490794,
            62.18509427784596,
            86.79069356310997,
            68.68183677988459,
            106.24225755242753,
            24.588655651675275,
            6.969292738095038,
            61.843220374225425,
            40.58634051852049,
            57.586053027711024,
            80.19869476276986,
            12.365939716639259,
            39.7328353725114,
            39.91591871474945,
            65.6494203507073,
            74.79559129429208,
            93.21794411841884,
            33.12922991045998,
            48.37764050460572,
            81.82520900791441,
            0.0,
            63.00603613456295
        ],
        [
            0.0,
            16.108985276237945,
            25.0853903842477,
            86.47757538296396,
            6.978910739104564,
            100.94862869156049,
            39.63503987252878,
            69.39947887305813,
            61.97482784310498,
            42.41745099814474,
            6.03568407466987,
            25.962444314655578,
            74.27727964319917,
            94.21951318113292,
            37.37180458351637,
            86.44816429498319,
            13.535396698539873,
            97.14192736442355,
            30.246697799136413,
            17.634795552002295,
            75.10405601556397,
            63.00603613456295,
            0.0
        ]
    ],
    "scores_ave": [
        0,
        13.52253083482886,
        11.874935737211556,
        14.549228990082677,
        19.794977225183448,
        15.49468080978657,
        11.923963035169734,
        15.648929609083186,
        14.640556563251542,
        14.811130159243483,
        12.373404128759791,
        18.322363141279233,
        18.808860722594872,
        16.587547721263356,
        19.176996577881802,
        15.81811234754931,
        15.185217934163589,
        13.3708250064951,
        13.717288347329308,
        16.685168759781618,
        18.934665369858177,
        17.60611569977026,
        0
    ],
    "scores_var": [
        0,
        288.019773455973,
        19.541128221744778,
        20.726203469062863,
        292.78960911007647,
        22.697194950575607,
        384.867467794043,
        270.8609724040425,
        262.1165943224318,
        248.441042198905,
        371.78031015939735,
        21.11306702754702,
        350.9547022848941,
        23.696510179581505,
        19.345295911811448,
        269.897218314694,
        23.16182313162626,
        17.6298703224318,
        308.92488195949875,
        317.6023874907572,
        247.68012957360497,
        350.42630885738004,
        0
    ],
    "vertex_number": 23,
    "minimum_distances": {
        "cost": 381.3764897218731,
        "path": [
            0,
            4,
            16,
            11,
            1,
            2,
            14,
            9,
            8,
            20,
            5,
            17,
            3,
            15,
            13,
            12,
            7,
            21,
            6,
            18,
            19,
            10,
            22
        ]
    }
}