{
    "vertices": [
        [
            72.85810329361667,
            47.640758782846774
        ],
        [
            87.43888989259807,
            49.1053524294527
        ],
        [
            20.99013968543678,
            50.65601351989583
        ],
        [
            8.111859923519537,
            15.257629476683565
        ],
        [
            98.68016155017155,
            53.361394248629324
        ],
        [
            59.904640942759116,
            45.257597642285866
        ],
        [
            1.3222668032642826,
            26.470565668847314
        ],
        [
            57.75261361142752,
            50.51060125043876
        ],
        [
            94.5539610293756,
            69.17217787013313
        ],
        [
            57.25937970641879,
            51.812006931275874
        ],
        [
            93.35514674879613,
            23.100102599235672
        ],
        [
            55.93850536134799,
            69.67931628117829
        ],
        [
            54.94889453973506,
            23.65928253249827
        ],
        [
            66.89422285833889,
            96.61313333599696
        ],
        [
            47.67362331748848,
            56.205193563758485
        ],
        [
            33.26443738338466,
            55.88708349619287
        ],
        [
            16.75488648869704,
            51.31981993054596
        ],
        [
            65.4339530326262,
            80.0088225486335
        ],
        [
            22.84474101546785,
            22.135301597577815
        ],
        [
            61.697352397603325,
            27.83418052887431
        ],
        [
            4.260121370300752,
            54.311572000417726
        ],
        [
            72.85810329361667,
            47.640758782846774
        ]
    ],
    "distances": [
        [
            0.0,
            14.654158877080395,
            51.955533006492864,
            72.39297682924452,
            26.44814478819419,
            13.17086344538442,
            74.60263386006196,
            15.37568906838055,
            30.56652173216066,
            16.14681047964509,
            31.974561706546115,
            27.784362702730732,
            29.930769474507983,
            49.33418023257629,
            26.600894247834823,
            40.44329674357681,
            56.22371765356971,
            33.20857658864349,
            56.14147088022318,
            22.7346190355941,
            68.92157044739547,
            0.0
        ],
        [
            14.654158877080395,
            0.0,
            66.46684101047026,
            86.2464262030752,
            12.01998670739469,
            27.801799980106914,
            89.04159895244725,
            29.719517554813567,
            21.29088350792761,
            30.300640482833668,
            26.669741542064358,
            37.62395798143425,
            41.26865967328901,
            51.75975840566479,
            40.39411058461256,
            54.597281809029724,
            70.71868355333045,
            37.93733927963912,
            69.99848363382438,
            33.392955943285045,
            83.34153979323287,
            14.654158877080395
        ],
        [
            51.955533006492864,
            66.46684101047026,
            0.0,
            37.66823174104343,
            77.73711200083503,
            39.287164597280025,
            31.173083124148686,
            36.76276151062727,
            75.85831630723126,
            36.287657577567025,
            77.43398784737491,
            39.79037963333129,
            43.382260375183755,
            64.95569038764957,
            27.25438859892429,
            13.3425064015261,
            4.286957964724452,
            53.26199341666961,
            28.58094740643154,
            46.66811789502177,
            17.124737096647717,
            51.955533006492864
        ],
        [
            72.39297682924452,
            86.2464262030752,
            37.66823174104343,
            0.0,
            98.25738725068967,
            59.85390760546929,
            13.108337529532612,
            60.88494432603786,
            101.87745271680411,
            61.25113233160086,
            85.6032845950103,
            72.45072814321657,
            47.58461501064027,
            100.36973747302312,
            56.937124334703526,
            47.7849839049668,
            37.083466511870334,
            86.47854856928411,
            16.259156161130075,
            55.04157192575853,
            39.243423863489326,
            72.39297682924452
        ],
        [
            26.44814478819419,
            12.01998670739469,
            77.73711200083503,
            98.25738725068967,
            0.0,
            39.61328713718227,
            101.00334811904551,
            41.02671326095624,
            16.340330763599297,
            41.4497499341906,
            30.726235612657295,
            45.75066942924383,
            52.8643467257056,
            53.67549564375415,
            51.0857527792915,
            65.46446421105426,
            81.95070908536736,
            42.60746197317986,
            82.01268115314492,
            44.93736544468681,
            94.42482102354448,
            26.44814478819419
        ],
        [
            13.17086344538442,
            27.801799980106914,
            39.287164597280025,
            59.85390760546929,
            39.61328713718227,
            0.0,
            61.52111125614324,
            5.676730444724808,
            42.10086139188779,
            7.068075278043044,
            40.12344607910081,
            24.741676837420716,
            22.159572152746204,
            51.8290005859908,
            16.414860602805156,
            28.682510615413648,
            43.57352233315695,
            35.18836348395172,
            43.68153794224701,
            17.515401173488787,
            56.376298301036144,
            13.17086344538442
        ],
        [
            74.60263386006196,
            89.04159895244725,
            31.173083124148686,
            13.108337529532612,
            101.00334811904551,
            61.52111125614324,
            0.0,
            61.3376503597404,
            102.5454849950017,
            61.409683643521326,
            92.09457645470928,
            69.64143625537976,
            53.70026550454604,
            96.01906695979348,
            55.069014397912945,
            43.423884930485514,
            29.25151599007742,
            83.52636267010631,
            21.954758272014928,
            60.390482743643076,
            27.99558220526233,
            74.60263386006196
        ],
        [
            15.37568906838055,
            29.719517554813567,
            36.76276151062727,
            60.88494432603786,
            41.02671326095624,
            5.676730444724808,
            61.3376503597404,
            0.0,
            41.26249645512541,
            1.3917386360826776,
            44.931901830492734,
            19.254366379413945,
            26.99729907834103,
            47.000132811760636,
            11.576460035789763,
            25.071444639561413,
            41.005712578884726,
            30.48192964792306,
            44.98574440381534,
            23.016972451487998,
            53.627363396023895,
            15.37568906838055
        ],
        [
            30.56652173216066,
            21.29088350792761,
            75.85831630723126,
            101.87745271680411,
            16.340330763599297,
            42.10086139188779,
            102.5454849950017,
            41.26249645512541,
            0.0,
            41.13710406775108,
            46.08766945123784,
            38.618785659538325,
            60.33228765481509,
            38.96238124870999,
            48.64060799355156,
            62.71283314662942,
            79.82106666406557,
            31.071011145741927,
            85.7594307611863,
            52.805177350022916,
            91.50855198938369,
            30.56652173216066
        ],
        [
            16.14681047964509,
            30.300640482833668,
            36.287657577567025,
            61.25113233160086,
            41.4497499341906,
            7.068075278043044,
            61.409683643521326,
            1.3917386360826776,
            41.13710406775108,
            0.0,
            46.12242240765117,
            17.91606687977516,
            28.247375679503282,
            45.82544194761136,
            10.544515841694308,
            24.338518979093003,
            40.50748349216666,
            29.35786197979691,
            45.443087435734824,
            24.385072495102516,
            53.05816817148376,
            16.14681047964509
        ],
        [
            31.974561706546115,
            26.669741542064358,
            77.43398784737491,
            85.6032845950103,
            30.726235612657295,
            40.12344607910081,
            92.09457645470928,
            44.931901830492734,
            46.08766945123784,
            46.12242240765117,
            0.0,
            59.746365579380374,
            38.41032271335106,
            78.13031537911888,
            56.41585442740755,
            68.45348397543975,
            81.63303447853674,
            63.38923776805395,
            70.51700615916259,
            32.009802202236536,
            94.40381014225888,
            31.974561706546115
        ],
        [
            27.784362702730732,
            37.62395798143425,
            39.79037963333129,
            72.45072814321657,
            45.75066942924383,
            24.741676837420716,
            69.64143625537976,
            19.254366379413945,
            38.618785659538325,
            17.91606687977516,
            59.746365579380374,
            0.0,
            46.03067277161937,
            29.07676472746433,
            15.806968659518493,
            26.53938665200326,
            43.271550633251515,
            14.03076000106122,
            57.92780481612492,
            42.23955143364729,
            53.914960226313596,
            27.784362702730732
        ],
        [
            29.930769474507983,
            41.26865967328901,
            43.382260375183755,
            47.58461501064027,
            52.8643467257056,
            22.159572152746204,
            53.70026550454604,
            26.99729907834103,
            60.33228765481509,
            28.247375679503282,
            38.41032271335106,
            46.03067277161937,
            0.0,
            73.92533541147031,
            33.34915135669804,
            38.84387773023068,
            47.15811255925699,
            57.316726281508565,
            32.14030478075339,
            7.935455673089519,
            59.23609182793451,
            29.930769474507983
        ],
        [
            49.33418023257629,
            51.75975840566479,
            64.95569038764957,
            100.36973747302312,
            53.67549564375415,
            51.8290005859908,
            96.01906695979348,
            47.000132811760636,
            38.96238124870999,
            45.82544194761136,
            78.13031537911888,
            29.07676472746433,
            73.92533541147031,
            0.0,
            44.74631876866064,
            52.81641417822351,
            67.5680197344313,
            16.668398983922888,
            86.52921050767597,
            68.97500860333452,
            75.5807697806898,
            49.33418023257629
        ],
        [
            26.600894247834823,
            40.39411058461256,
            27.25438859892429,
            56.937124334703526,
            51.0857527792915,
            16.414860602805156,
            55.069014397912945,
            11.576460035789763,
            48.64060799355156,
            10.544515841694308,
            56.41585442740755,
            15.806968659518493,
            33.34915135669804,
            44.74631876866064,
            0.0,
            14.412696947437073,
            31.302318805867277,
            29.699192993076196,
            42.15721687866522,
            31.64773859121733,
            43.454780564900126,
            26.600894247834823
        ],
        [
            40.44329674357681,
            54.597281809029724,
            13.3425064015261,
            47.7849839049668,
            65.46446421105426,
            28.682510615413648,
            43.423884930485514,
            25.071444639561413,
            62.71283314662942,
            24.338518979093003,
            68.45348397543975,
            26.53938665200326,
            38.84387773023068,
            52.81641417822351,
            14.412696947437073,
            0.0,
            17.129657533715218,
            40.20865618272807,
            35.32354531656269,
            39.942408804422044,
            29.04707530647716,
            40.44329674357681
        ],
        [
            56.22371765356971,
            70.71868355333045,
            4.286957964724452,
            37.083466511870334,
            81.95070908536736,
            43.57352233315695,
            29.25151599007742,
            41.005712578884726,
            79.82106666406557,
            40.50748349216666,
            81.63303447853674,
            43.271550633251515,
            47.15811255925699,
            67.5680197344313,
            31.302318805867277,
            17.129657533715218,
            0.0,
            56.50407410805806,
            29.813125272010392,
            50.70897849571174,
            12.847946754694876,
            56.22371765356971
        ],
        [
            33.20857658864349,
            37.93733927963912,
            53.26199341666961,
            86.47854856928411,
            42.60746197317986,
            35.18836348395172,
            83.52636267010631,
            30.48192964792306,
            31.071011145741927,
            29.35786197979691,
            63.38923776805395,
            14.03076000106122,
            57.316726281508565,
            16.668398983922888,
            29.699192993076196,
            40.20865618272807,
            56.50407410805806,
            0.0,
            71.85530883320138,
            52.30827328631366,
            66.35198841020748,
            33.20857658864349
        ],
        [
            56.14147088022318,
            69.99848363382438,
            28.58094740643154,
            16.259156161130075,
            82.01268115314492,
            43.68153794224701,
            21.954758272014928,
            44.98574440381534,
            85.7594307611863,
            45.443087435734824,
            70.51700615916259,
            57.92780481612492,
            32.14030478075339,
            86.52921050767597,
            42.15721687866522,
            35.32354531656269,
            29.813125272010392,
            71.85530883320138,
            0.0,
            39.268341348786535,
            37.15777797974742,
            56.14147088022318
        ],
        [
            22.7346190355941,
            33.392955943285045,
            46.66811789502177,
            55.04157192575853,
            44.93736544468681,
            17.515401173488787,
            60.390482743643076,
            23.016972451487998,
            52.805177350022916,
            24.385072495102516,
            32.009802202236536,
            42.23955143364729,
            7.935455673089519,
            68.97500860333452,
            31.64773859121733,
            39.942408804422044,
            50.70897849571174,
            52.30827328631366,
            39.268341348786535,
            0.0,
            63.24624706036786,
            22.7346190355941
        ],
        [
            68.92157044739547,
            83.34153979323287,
            17.124737096647717,
            39.243423863489326,
            94.42482102354448,
            56.376298301036144,
            27.99558220526233,
            53.627363396023895,
            91.50855198938369,
            53.05816817148376,
            94.40381014225888,
            53.914960226313596,
            59.23609182793451,
            75.5807697806898,
            43.454780564900126,
            29.04707530647716,
            12.847946754694876,
            66.35198841020748,
            37.15777797974742,
            63.24624706036786,
            0.0,
            68.92157044739547
        ],
        [
            0.0,
            14.654158877080395,
            51.955533006492864,
            72.39297682924452,
            26.44814478819419,
            13.17086344538442,
            74.60263386006196,
            15.37568906838055,
            30.56652173216066,
            16.14681047964509,
            31.974561706546115,
            27.784362702730732,
            29.930769474507983,
            49.33418023257629,
            26.600894247834823,
            40.44329674357681,
            56.22371765356971,
            33.20857658864349,
            56.14147088022318,
            22.7346190355941,
            68.92157044739547,
            0.0
        ]
    ],
    "scores_ave": [
        0,
        12.150161204393433,
        18.319408948372157,
        11.295626999331793,
        15.47250937984681,
        12.906850314039469,
        14.347346881916152,
        13.966072706259084,
        18.625573977667777,
        14.28443689824783,
        14.037162696703206,
        18.90231735761205,
        19.213608889511306,
        11.462340430938527,
        13.587555459548975,
        17.57099681057713,
        15.773171022254262,
        11.45017034839453,
        19.812786267998096,
        10.317167937933247,
        19.29656846336358,
        0
    ],
    "scores_var": [
        0,
        19.528016189026417,
        22.28856637725029,
        17.845242720124766,
        376.61028792804757,
        18.5774630268029,
        22.521295700033804,
        319.9415913433746,
        22.82893258616168,
        331.34501125795794,
        244.873686139658,
        23.263626366543342,
        18.625740660282005,
        24.364823088139715,
        383.0075839864768,
        358.77284651245134,
        21.608881245352446,
        344.1176081910198,
        24.212565732512097,
        23.285990597161003,
        19.616535811680205,
        0
    ],
    "vertex_number": 22,
    "minimum_distances": {
        "cost": 360.56563554196975,
        "path": [
            0,
            5,
            19,
            12,
            18,
            3,
            6,
            20,
            16,
            2,
            15,
            14,
            7,
            9,
            11,
            17,
            13,
            8,
            4,
            1,
            10,
            21
        ]
    }
}