{
    "vertices": [
        [
            59.913973243642715,
            10.700924659573307
        ],
        [
            35.88222112407888,
            23.363562115045355
        ],
        [
            84.23692269849,
            69.07843405620268
        ],
        [
            84.52877502066359,
            15.754744485717087
        ],
        [
            14.50317467091934,
            13.166589651967897
        ],
        [
            72.78650194929128,
            84.89351347914666
        ],
        [
            72.3837774059455,
            6.8197933519258624
        ],
        [
            89.71245280488473,
            62.49534824447045
        ],
        [
            46.869998412224824,
            33.574237250044256
        ],
        [
            40.29131240355299,
            94.08858226066747
        ],
        [
            93.45461364672923,
            50.7544009916181
        ],
        [
            22.71841632741124,
            91.71340786764006
        ],
        [
            43.88609601770469,
            28.161300732569018
        ],
        [
            9.183837794775796,
            13.292614471801901
        ],
        [
            9.31774544260594,
            57.772224311597455
        ],
        [
            94.40678781778932,
            67.92721682267357
        ],
        [
            76.06373149275502,
            42.77362048201868
        ],
        [
            21.06330903366872,
            48.23635051860041
        ],
        [
            59.913973243642715,
            10.700924659573307
        ]
    ],
    "distances": [
        [
            0.0,
            27.163716558396136,
            63.24191231720154,
            25.128262203287235,
            45.47768827531998,
            75.30101082341477,
            13.059831395289331,
            59.754595627897174,
            26.331230663682625,
            85.66533872367813,
            52.242277179797895,
            89.14332218313334,
            23.70142571619235,
            50.796294143797475,
            69.10633486609643,
            66.81768307853073,
            35.90922595690243,
            54.021128310825524,
            0.0
        ],
        [
            27.163716558396136,
            0.0,
            66.54341951648391,
            49.23800678063336,
            23.68632252290578,
            71.74859481616913,
            40.07567711075939,
            66.5506613677753,
            14.999637877174923,
            70.86232116230309,
            63.75608547538419,
            69.60594206767306,
            9.331683082643313,
            28.534674675407807,
            43.469844747686885,
            73.55980035037668,
            44.62403098463136,
            28.95264683083962,
            27.163716558396136
        ],
        [
            63.24191231720154,
            66.54341951648391,
            0.0,
            53.324488250591514,
            89.38081426489735,
            19.525083162120126,
            63.37693110012827,
            8.562619269281175,
            51.54449554963076,
            50.564060135671134,
            20.511850578854176,
            65.55050469350266,
            57.466520803392896,
            93.51482887899355,
            75.76749632584927,
            10.234815956504315,
            27.54531306153696,
            66.52291266669317,
            63.24191231720154
        ],
        [
            25.128262203287235,
            49.23800678063336,
            53.324488250591514,
            0.0,
            70.07341328767681,
            70.12881258662159,
            15.077609851191442,
            47.02716826583775,
            41.66194640222901,
            89.96189882029225,
            36.11989134410048,
            97.92976556980418,
            42.49411717454378,
            75.38515536747532,
            86.15200276899967,
            53.09935975669264,
            28.313894504870024,
            71.29460080133589,
            25.128262203287235
        ],
        [
            45.47768827531998,
            23.68632252290578,
            89.38081426489735,
            70.07341328767681,
            0.0,
            92.42130620342758,
            58.227536408851655,
            89.94310391413875,
            38.263342242778634,
            84.93171925423216,
            87.4423997706843,
            78.97526731376354,
            32.98783756571619,
            5.320829545955663,
            44.90602765409331,
            96.86750581104937,
            68.31016345161267,
            35.67805333955476,
            45.47768827531998
        ],
        [
            75.30101082341477,
            71.74859481616913,
            19.525083162120126,
            70.12881258662159,
            92.42130620342758,
            0.0,
            78.07475879925224,
            28.074287493110543,
            57.492027867050346,
            33.771091683722,
            39.90801727189538,
            50.53042803410747,
            63.66928165240623,
            95.77049454927166,
            69.02063009430394,
            27.482575994091714,
            42.24719658829521,
            63.395869594972446,
            75.30101082341477
        ],
        [
            13.059831395289331,
            40.07567711075939,
            63.37693110012827,
            15.077609851191442,
            58.227536408851655,
            78.07475879925224,
            0.0,
            58.30995115479473,
            36.96962519201387,
            92.98262110485103,
            48.72606990451445,
            98.35432820473059,
            35.603058601526534,
            63.530542104608315,
            81.07696718736504,
            64.95483192829822,
            36.14166221110513,
            65.94787093978304,
            13.059831395289331
        ],
        [
            59.754595627897174,
            66.5506613677753,
            8.562619269281175,
            47.02716826583775,
            89.94310391413875,
            28.074287493110543,
            58.30995115479473,
            0.0,
            51.69048809538428,
            58.65647069309858,
            12.32288968385644,
            73.08827492620237,
            57.26152106725272,
            94.37037059453799,
            80.53332770692964,
            7.179274159986672,
            23.984039263486135,
            70.11436341198181,
            59.754595627897174
        ],
        [
            26.331230663682625,
            14.999637877174923,
            51.54449554963076,
            41.66194640222901,
            38.263342242778634,
            57.492027867050346,
            36.96962519201387,
            51.69048809538428,
            0.0,
            60.87088845799306,
            49.651630413654175,
            62.95603289043397,
            6.180902461796332,
            42.79709014177348,
            44.673418057334125,
            58.650435228619365,
            30.608866411972453,
            29.681017202603602,
            26.331230663682625
        ],
        [
            85.66533872367813,
            70.86232116230309,
            50.564060135671134,
            89.96189882029225,
            84.93171925423216,
            33.771091683722,
            92.98262110485103,
            58.65647069309858,
            60.87088845799306,
            0.0,
            68.58708235033426,
            17.73268535502086,
            66.02521426635225,
            86.57749931405458,
            47.73090932476828,
            60.107418185188074,
            62.55310759536805,
            49.72065234206509,
            85.66533872367813
        ],
        [
            52.242277179797895,
            63.75608547538419,
            20.511850578854176,
            36.11989134410048,
            87.4423997706843,
            39.90801727189538,
            48.72606990451445,
            12.32288968385644,
            49.651630413654175,
            68.58708235033426,
            0.0,
            81.73891273724837,
            54.47463739442751,
            92.22228099513946,
            84.42903786819117,
            17.199192981630954,
            19.13467113999664,
            72.43508515743997,
            52.242277179797895
        ],
        [
            89.14332218313334,
            69.60594206767306,
            65.55050469350266,
            97.92976556980418,
            78.97526731376354,
            50.53042803410747,
            98.35432820473059,
            73.08827492620237,
            62.95603289043397,
            17.73268535502086,
            81.73891273724837,
            0.0,
            66.98463245236483,
            79.58018379526911,
            36.49084709002855,
            75.53148675466474,
            72.39354556477865,
            43.50854968722219,
            89.14332218313334
        ],
        [
            23.70142571619235,
            9.331683082643313,
            57.466520803392896,
            42.49411717454378,
            32.98783756571619,
            63.66928165240623,
            35.603058601526534,
            57.26152106725272,
            6.180902461796332,
            66.02521426635225,
            54.47463739442751,
            66.98463245236483,
            0.0,
            37.75347079265641,
            45.51678434035067,
            64.2936107435597,
            35.34006385429113,
            30.395513314144257,
            23.70142571619235
        ],
        [
            50.796294143797475,
            28.534674675407807,
            93.51482887899355,
            75.38515536747532,
            5.320829545955663,
            95.77049454927166,
            63.530542104608315,
            94.37037059453799,
            42.79709014177348,
            86.57749931405458,
            92.22228099513946,
            79.58018379526911,
            37.75347079265641,
            0.0,
            44.479811406508745,
            101.23186743641023,
            73.08932819794856,
            36.90781117628096,
            50.796294143797475
        ],
        [
            69.10633486609643,
            43.469844747686885,
            75.76749632584927,
            86.15200276899967,
            44.90602765409331,
            69.02063009430394,
            81.07696718736504,
            80.53332770692964,
            44.673418057334125,
            47.73090932476828,
            84.42903786819117,
            36.49084709002855,
            45.51678434035067,
            44.479811406508745,
            0.0,
            85.69287604711238,
            68.41041419727958,
            15.129149119090188,
            69.10633486609643
        ],
        [
            66.81768307853073,
            73.55980035037668,
            10.234815956504315,
            53.09935975669264,
            96.86750581104937,
            27.482575994091714,
            64.95483192829822,
            7.179274159986672,
            58.650435228619365,
            60.107418185188074,
            17.199192981630954,
            75.53148675466474,
            64.2936107435597,
            101.23186743641023,
            85.69287604711238,
            0.0,
            31.131513362057873,
            75.94074068615366,
            66.81768307853073
        ],
        [
            35.90922595690243,
            44.62403098463136,
            27.54531306153696,
            28.313894504870024,
            68.31016345161267,
            42.24719658829521,
            36.14166221110513,
            23.984039263486135,
            30.608866411972453,
            62.55310759536805,
            19.13467113999664,
            72.39354556477865,
            35.34006385429113,
            73.08932819794856,
            68.41041419727958,
            31.131513362057873,
            0.0,
            55.27104024831212,
            35.90922595690243
        ],
        [
            54.021128310825524,
            28.95264683083962,
            66.52291266669317,
            71.29460080133589,
            35.67805333955476,
            63.395869594972446,
            65.94787093978304,
            70.11436341198181,
            29.681017202603602,
            49.72065234206509,
            72.43508515743997,
            43.50854968722219,
            30.395513314144257,
            36.90781117628096,
            15.129149119090188,
            75.94074068615366,
            55.27104024831212,
            0.0,
            54.021128310825524
        ],
        [
            0.0,
            27.163716558396136,
            63.24191231720154,
            25.128262203287235,
            45.47768827531998,
            75.30101082341477,
            13.059831395289331,
            59.754595627897174,
            26.331230663682625,
            85.66533872367813,
            52.242277179797895,
            89.14332218313334,
            23.70142571619235,
            50.796294143797475,
            69.10633486609643,
            66.81768307853073,
            35.90922595690243,
            54.021128310825524,
            0.0
        ]
    ],
    "scores_ave": [
        0,
        18.79856104773925,
        14.156945556772904,
        11.08200364033075,
        15.489551089100452,
        18.246618747182694,
        12.156372774000138,
        18.8374641393624,
        11.847662224462287,
        15.298039363880813,
        15.629106603710952,
        17.605220126755945,
        12.8668490352315,
        16.570292154860294,
        15.089481057212812,
        11.076217533488325,
        13.548856825187316,
        17.469428528296888,
        0
    ],
    "scores_var": [
        0,
        18.127183789147878,
        22.811190461937116,
        21.92285828291734,
        21.283348172615405,
        22.578624648765278,
        295.18462225042515,
        293.8977136453926,
        23.20430991465554,
        328.04682085808736,
        228.70503417624712,
        341.42579748835885,
        20.62232506418441,
        20.289818810243595,
        228.25842083473663,
        367.9005367573533,
        21.240488532094062,
        392.99957160094584,
        0
    ],
    "vertex_number": 19,
    "minimum_distances": {
        "cost": 335.73062255494125,
        "path": [
            0,
            8,
            12,
            1,
            4,
            13,
            17,
            14,
            11,
            9,
            5,
            2,
            15,
            7,
            10,
            16,
            3,
            6,
            18
        ]
    }
}