{
    "vertices": [
        [
            84.62301437609547,
            4.094803643934364
        ],
        [
            35.81227443811815,
            38.91743748607044
        ],
        [
            41.72877832306049,
            85.14402759345352
        ],
        [
            42.5288614628611,
            54.967154876652444
        ],
        [
            53.26629287183998,
            97.93048062660013
        ],
        [
            86.3765961418631,
            53.43285503551092
        ],
        [
            89.92932417677584,
            71.68402875760565
        ],
        [
            6.17924757078675,
            21.97943790090401
        ],
        [
            33.73046891708968,
            34.78647121094704
        ],
        [
            71.1021806944141,
            25.228658789074398
        ],
        [
            33.96547959373867,
            51.95744163157321
        ],
        [
            63.670383906601,
            20.442333396777368
        ],
        [
            64.11509923289687,
            50.6866704428664
        ],
        [
            44.92509386384575,
            40.200267130215394
        ],
        [
            40.84285048396444,
            61.03403323619461
        ],
        [
            0.2416866004044338,
            73.71085903033394
        ],
        [
            9.407438974458692,
            2.2655898689196263
        ],
        [
            84.98308470307629,
            89.72633316536826
        ],
        [
            14.646538037963253,
            5.135607220883076
        ],
        [
            75.62839510281842,
            65.90904435761385
        ],
        [
            98.27814007233829,
            55.59951498027503
        ],
        [
            33.4868187308406,
            15.847038800306468
        ],
        [
            37.36020073874171,
            46.56145703973041
        ],
        [
            32.81512911704566,
            86.84258618007951
        ],
        [
            84.62301437609547,
            4.094803643934364
        ]
    ],
    "distances": [
        [
            0.0,
            59.95918746110837,
            91.70001193780072,
            66.02964356580907,
            98.93623329342303,
            49.36920461306909,
            67.79719961154242,
            80.45672559277581,
            59.43088120952767,
            25.088897479631328,
            69.69230908329453,
            26.57544830499149,
            50.90556585806762,
            53.661246598975595,
            71.82463795232093,
            109.39197248770523,
            75.23781500039732,
            85.63228654439035,
            69.98421616898318,
            62.465218569055835,
            53.28412284742961,
            52.46928183461683,
            63.538887333332404,
            97.62813369958496,
            0.0
        ],
        [
            59.95918746110837,
            0.0,
            46.60367636975161,
            17.39844733240572,
            61.540084661874815,
            52.606539289278636,
            63.26376985267474,
            34.1322737488595,
            4.625883331169466,
            37.851818262713465,
            13.170131332373115,
            33.427589417548305,
            30.652320234450002,
            9.202669709481885,
            22.681501337597847,
            49.75790290875738,
            45.17270491805613,
            70.70581632554907,
            39.86477710243432,
            48.10270581052506,
            64.6550545507085,
            23.18730341731461,
            7.799173723472131,
            48.018775051207896,
            59.95918746110837
        ],
        [
            91.70001193780072,
            46.60367636975161,
            0.0,
            30.187477204904123,
            17.222300169610406,
            54.76336458783919,
            50.044621981359214,
            72.48127018571755,
            50.9887873769416,
            66.72816636049733,
            34.08252183988093,
            68.32088470961021,
            41.090836273812855,
            45.05727507976033,
            24.126265687900016,
            43.033662672340384,
            88.95788001603295,
            43.496350936264484,
            84.46771613683946,
            38.97651341381728,
            63.80210450918485,
            69.78540358640433,
            38.82910275351767,
            9.074042287761817,
            91.70001193780072
        ],
        [
            66.02964356580907,
            17.39844733240572,
            30.187477204904123,
            0.0,
            44.28475801851743,
            43.87457022561796,
            50.26189150683564,
            49.08649408314843,
            22.01526072079899,
            41.240910773879996,
            9.076887288824299,
            40.483666699749435,
            22.006549208188076,
            14.960043563953995,
            6.296796491108881,
            46.255071108460356,
            62.24534988189509,
            54.86858432870999,
            57.1017259050882,
            34.86121157671144,
            55.752864901974,
            40.15148837334013,
            9.867664860882238,
            33.32266071107827,
            66.02964356580907
        ],
        [
            98.93623329342303,
            61.540084661874815,
            17.222300169610406,
            44.28475801851743,
            0.0,
            55.464681247417815,
            45.08940119560417,
            89.3630277368888,
            66.09700706291535,
            74.8576902723747,
            49.86022169660297,
            78.18348976203534,
            48.47343808867256,
            58.329693563648405,
            38.93186035624068,
            58.29407294491512,
            105.23958565516486,
            32.76069168426722,
            100.51056657790662,
            39.0568303490885,
            61.78978103983994,
            84.43292615647641,
            53.775276393664285,
            23.263522995939283,
            98.93623329342303
        ],
        [
            49.36920461306909,
            52.606539289278636,
            54.76336458783919,
            43.87457022561796,
            55.464681247417815,
            0.0,
            18.593741385857122,
            86.14483250476668,
            55.85071478056469,
            32.07466996196177,
            52.43187944880101,
            40.04930201724511,
            22.43024240717856,
            43.512393909963755,
            46.1638376186031,
            88.48966090865828,
            92.42478119903161,
            36.32022066139553,
            86.47442039156101,
            16.467517286363375,
            12.097155171579637,
            64.88468337484636,
            49.495687981192425,
            63.12718023960014,
            49.36920461306909
        ],
        [
            67.79719961154242,
            63.26376985267474,
            50.044621981359214,
            50.26189150683564,
            45.08940119560417,
            18.593741385857122,
            0.0,
            97.38902239852882,
            67.22901966716559,
            50.12546987927944,
            59.33877433984702,
            57.578149393363965,
            33.275565594753346,
            54.92365603516927,
            50.22852082433983,
            89.71053658843533,
            106.31412725634057,
            18.708020560004574,
            100.47980044691327,
            15.422938020964397,
            18.122204896511203,
            79.39474710902454,
            58.26367949900739,
            59.091565730240596,
            67.79719961154242
        ],
        [
            80.45672559277581,
            34.1322737488595,
            72.48127018571755,
            49.08649408314843,
            89.3630277368888,
            86.14483250476668,
            97.38902239852882,
            0.0,
            30.382394571157985,
            65.00418972462555,
            40.87487489533559,
            57.51168096517253,
            64.65808617669047,
            42.81634294015642,
            52.21902702775841,
            52.071053017462944,
            19.976411688962457,
            103.92154042712562,
            18.852311259703747,
            82.17660504284235,
            98.04343722470769,
            27.987671596444283,
            39.70550976128915,
            70.11917134730447,
            80.45672559277581
        ],
        [
            59.43088120952767,
            4.625883331169466,
            50.9887873769416,
            22.01526072079899,
            66.09700706291535,
            55.85071478056469,
            67.22901966716559,
            30.382394571157985,
            0.0,
            38.574559225726894,
            17.172578583432305,
            33.19868670913139,
            34.29347015166296,
            12.434983472205342,
            27.194125906563684,
            51.3478968232231,
            40.61055908076556,
            75.13467279809518,
            35.261454212164125,
            52.192439854201105,
            67.82023770608649,
            18.940999589527525,
            12.32173869083266,
            52.064161883478754,
            59.43088120952767
        ],
        [
            25.088897479631328,
            37.851818262713465,
            66.72816636049733,
            41.240910773879996,
            74.8576902723747,
            32.07466996196177,
            50.12546987927944,
            65.00418972462555,
            38.574559225726894,
            0.0,
            45.75546307144499,
            8.839712340132818,
            26.399425461825626,
            30.156076191302436,
            46.879120129152604,
            85.8587989869458,
            65.82965661556943,
            65.97446093791238,
            59.92470533156478,
            40.931410760879956,
            40.754406803401956,
            38.767644360527015,
            39.92003873410182,
            72.54084619738124,
            25.088897479631328
        ],
        [
            69.69230908329453,
            13.170131332373115,
            34.08252183988093,
            9.076887288824299,
            49.86022169660297,
            52.43187944880101,
            59.33877433984702,
            40.87487489533559,
            17.172578583432305,
            45.75546307144499,
            0.0,
            43.308006041460786,
            30.17638851486309,
            16.073092334859314,
            11.38783322317325,
            40.131102431679665,
            55.429031117815356,
            63.47665081574395,
            50.650821122836234,
            43.936838158224155,
            64.41570457670204,
            36.11357513260114,
            6.375012264124331,
            34.904106010459664,
            69.69230908329453
        ],
        [
            26.57544830499149,
            33.427589417548305,
            68.32088470961021,
            40.483666699749435,
            78.18348976203534,
            40.04930201724511,
            57.578149393363965,
            57.51168096517253,
            33.19868670913139,
            8.839712340132818,
            43.308006041460786,
            0.0,
            30.247606435532646,
            27.235305105725317,
            46.57018765277777,
            82.82955671216635,
            57.2264029796232,
            72.48795651123143,
            51.35789452436459,
            47.01293266075952,
            49.332790350051695,
            30.531366480191007,
            37.07336453846852,
            73.21912535543429,
            26.57544830499149
        ],
        [
            50.90556585806762,
            30.652320234450002,
            41.090836273812855,
            22.006549208188076,
            48.47343808867256,
            22.43024240717856,
            33.275565594753346,
            64.65808617669047,
            34.29347015166296,
            26.399425461825626,
            30.17638851486309,
            30.247606435532646,
            0.0,
            21.868263774241168,
            25.468912002850452,
            67.8964365886157,
            73.0583953759001,
            44.26700896909933,
            67.24609956978928,
            19.08603283526297,
            34.51448103109894,
            46.38848455707412,
            27.07105426565354,
            47.821944461195145,
            50.90556585806762
        ],
        [
            53.661246598975595,
            9.202669709481885,
            45.05727507976033,
            14.960043563953995,
            58.329693563648405,
            43.512393909963755,
            54.92365603516927,
            42.81634294015642,
            12.434983472205342,
            30.156076191302436,
            16.073092334859314,
            27.235305105725317,
            21.868263774241168,
            0.0,
            21.22994397475493,
            55.853080972913666,
            51.96675425462197,
            63.69830332900712,
            46.32840724067923,
            40.04539840604787,
            55.5309316874218,
            26.905647513245295,
            9.883943800890519,
            48.188766040624635,
            53.661246598975595
        ],
        [
            71.82463795232093,
            22.681501337597847,
            24.126265687900016,
            6.296796491108881,
            38.93186035624068,
            46.1638376186031,
            50.22852082433983,
            52.21902702775841,
            27.194125906563684,
            46.879120129152604,
            11.38783322317325,
            46.57018765277777,
            25.468912002850452,
            21.22994397475493,
            0.0,
            42.53417944329775,
            66.64769337782496,
            52.646066825012774,
            61.732332021055015,
            35.12548715483163,
            57.691823326831056,
            45.78182684539742,
            14.885708280440069,
            27.028239221269928,
            71.82463795232093
        ],
        [
            109.39197248770523,
            49.75790290875738,
            43.033662672340384,
            46.255071108460356,
            58.29407294491512,
            88.48966090865828,
            89.71053658843533,
            52.071053017462944,
            51.3478968232231,
            85.8587989869458,
            40.131102431679665,
            82.82955671216635,
            67.8964365886157,
            55.853080972913666,
            42.53417944329775,
            0.0,
            72.0308093952124,
            86.24152111463172,
            70.07185530345072,
            75.78934048410375,
            99.69537096903875,
            66.73425283902634,
            45.987760548708295,
            35.12081171215003,
            109.39197248770523
        ],
        [
            75.23781500039732,
            45.17270491805613,
            88.95788001603295,
            62.24534988189509,
            105.23958565516486,
            92.42478119903161,
            106.31412725634057,
            19.976411688962457,
            40.61055908076556,
            65.82965661556943,
            55.429031117815356,
            57.2264029796232,
            73.0583953759001,
            51.96675425462197,
            66.64769337782496,
            72.0308093952124,
            0.0,
            115.59005080570213,
            5.973705600193707,
            91.84609044378881,
            103.6460760541002,
            27.645474937644376,
            52.37824680785789,
            87.75641436857659,
            75.23781500039732
        ],
        [
            85.63228654439035,
            70.70581632554907,
            43.496350936264484,
            54.86858432870999,
            32.76069168426722,
            36.32022066139553,
            18.708020560004574,
            103.92154042712562,
            75.13467279809518,
            65.97446093791238,
            63.47665081574395,
            72.48795651123143,
            44.26700896909933,
            63.69830332900712,
            52.646066825012774,
            86.24152111463172,
            115.59005080570213,
            0.0,
            110.01282067372249,
            25.58854164795556,
            36.625103640947586,
            90.05562472695802,
            64.27398858031245,
            52.247598860629246,
            85.63228654439035
        ],
        [
            69.98421616898318,
            39.86477710243432,
            84.46771613683946,
            57.1017259050882,
            100.51056657790662,
            86.47442039156101,
            100.47980044691327,
            18.852311259703747,
            35.261454212164125,
            59.92470533156478,
            50.650821122836234,
            51.35789452436459,
            67.24609956978928,
            46.32840724067923,
            61.732332021055015,
            70.07185530345072,
            5.973705600193707,
            110.01282067372249,
            0.0,
            86.09412031312355,
            97.67727906317057,
            21.67235434988722,
            47.24416902114406,
            83.70261711820892,
            69.98421616898318
        ],
        [
            62.465218569055835,
            48.10270581052506,
            38.97651341381728,
            34.86121157671144,
            39.0568303490885,
            16.467517286363375,
            15.422938020964397,
            82.17660504284235,
            52.192439854201105,
            40.931410760879956,
            43.936838158224155,
            47.01293266075952,
            19.08603283526297,
            40.04539840604787,
            35.12548715483163,
            75.78934048410375,
            91.84609044378881,
            25.58854164795556,
            86.09412031312355,
            0.0,
            24.885685507265073,
            65.43788550629608,
            42.88104283841376,
            47.6569923264304,
            62.465218569055835
        ],
        [
            53.28412284742961,
            64.6550545507085,
            63.80210450918485,
            55.752864901974,
            61.78978103983994,
            12.097155171579637,
            18.122204896511203,
            98.04343722470769,
            67.82023770608649,
            40.754406803401956,
            64.41570457670204,
            49.332790350051695,
            34.51448103109894,
            55.5309316874218,
            57.691823326831056,
            99.69537096903875,
            103.6460760541002,
            36.625103640947586,
            97.67727906317057,
            24.885685507265073,
            0.0,
            76.01430578263661,
            61.584753177944904,
            72.5364411956419,
            53.28412284742961
        ],
        [
            52.46928183461683,
            23.18730341731461,
            69.78540358640433,
            40.15148837334013,
            84.43292615647641,
            64.88468337484636,
            79.39474710902454,
            27.987671596444283,
            18.940999589527525,
            38.767644360527015,
            36.11357513260114,
            30.531366480191007,
            46.38848455707412,
            26.905647513245295,
            45.78182684539742,
            66.73425283902634,
            27.645474937644376,
            90.05562472695802,
            21.67235434988722,
            65.43788550629608,
            76.01430578263661,
            0.0,
            30.95769009414931,
            70.99872473989149,
            52.46928183461683
        ],
        [
            63.538887333332404,
            7.799173723472131,
            38.82910275351767,
            9.867664860882238,
            53.775276393664285,
            49.495687981192425,
            58.26367949900739,
            39.70550976128915,
            12.32173869083266,
            39.92003873410182,
            6.375012264124331,
            37.07336453846852,
            27.07105426565354,
            9.883943800890519,
            14.885708280440069,
            45.987760548708295,
            52.37824680785789,
            64.27398858031245,
            47.24416902114406,
            42.88104283841376,
            61.584753177944904,
            30.95769009414931,
            0.0,
            40.536736929208146,
            63.538887333332404
        ],
        [
            97.62813369958496,
            48.018775051207896,
            9.074042287761817,
            33.32266071107827,
            23.263522995939283,
            63.12718023960014,
            59.091565730240596,
            70.11917134730447,
            52.064161883478754,
            72.54084619738124,
            34.904106010459664,
            73.21912535543429,
            47.821944461195145,
            48.188766040624635,
            27.028239221269928,
            35.12081171215003,
            87.75641436857659,
            52.247598860629246,
            83.70261711820892,
            47.6569923264304,
            72.5364411956419,
            70.99872473989149,
            40.536736929208146,
            0.0,
            97.62813369958496
        ],
        [
            0.0,
            59.95918746110837,
            91.70001193780072,
            66.02964356580907,
            98.93623329342303,
            49.36920461306909,
            67.79719961154242,
            80.45672559277581,
            59.43088120952767,
            25.088897479631328,
            69.69230908329453,
            26.57544830499149,
            50.90556585806762,
            53.661246598975595,
            71.82463795232093,
            109.39197248770523,
            75.23781500039732,
            85.63228654439035,
            69.98421616898318,
            62.465218569055835,
            53.28412284742961,
            52.46928183461683,
            63.538887333332404,
            97.62813369958496,
            0.0
        ]
    ],
    "scores_ave": [
        0,
        16.3218677680029,
        15.294597714321164,
        13.894868564493114,
        15.769857747490208,
        19.747288866363213,
        16.422331875985634,
        15.272045093429895,
        13.768375787373012,
        17.146053888388266,
        15.982002967601172,
        11.202487061145302,
        10.780710556156558,
        17.11864402678685,
        11.40568445538814,
        16.56405435240945,
        17.109314554048918,
        10.455600001173305,
        11.947481957475405,
        15.951878673350443,
        10.673421162906118,
        11.89753844173045,
        10.669101002569409,
        15.836840871257673,
        0
    ],
    "scores_var": [
        0,
        18.592631300438942,
        241.65383045422368,
        335.39564810300703,
        24.11684832110156,
        244.10395551111174,
        319.31147129194,
        276.26630480321916,
        18.616524095704644,
        18.367583692369074,
        255.12008131273615,
        305.1499885819395,
        23.790311255818516,
        336.4354546166189,
        351.38276243360536,
        18.055612154164706,
        348.59077696089537,
        18.123792659532793,
        260.31677618205833,
        341.1738468870479,
        18.030621038991093,
        19.9959272643469,
        24.197830737159457,
        320.9872882898062,
        0
    ],
    "vertex_number": 25,
    "minimum_distances": {
        "cost": 475.26537221608606,
        "path": [
            0,
            9,
            12,
            19,
            5,
            20,
            6,
            17,
            4,
            2,
            23,
            14,
            3,
            22,
            13,
            8,
            1,
            10,
            15,
            7,
            16,
            18,
            21,
            11,
            24
        ]
    }
}