{
    "vertices": [
        [
            42.76111212973649,
            53.21065799132797
        ],
        [
            91.96643001862863,
            71.05590601239695
        ],
        [
            38.92762806045867,
            24.311231487222585
        ],
        [
            47.221234935436094,
            25.63630081752003
        ],
        [
            1.614368361816798,
            77.92723566401611
        ],
        [
            44.7092449099354,
            78.41942526407597
        ],
        [
            50.34688329735947,
            58.49328011288462
        ],
        [
            58.238348900051015,
            83.55050949508767
        ],
        [
            27.803476198829546,
            76.50293145148753
        ],
        [
            38.4758247022293,
            90.03628377689401
        ],
        [
            53.91824397208937,
            22.641740297833813
        ],
        [
            81.69622349663297,
            99.54337232178591
        ],
        [
            86.31843268528205,
            29.510712529619898
        ],
        [
            83.03192433513027,
            73.6340053315479
        ],
        [
            99.8452124161467,
            25.283109177981945
        ],
        [
            60.06893414782588,
            2.477846499116587
        ],
        [
            5.514839580223252,
            50.93376717398379
        ],
        [
            15.055951878697261,
            19.277274881855455
        ],
        [
            40.63583675589939,
            84.48819855745957
        ],
        [
            65.16949225298492,
            69.13323097534618
        ],
        [
            47.720841864795474,
            71.18941136339107
        ],
        [
            19.820711067958996,
            66.4452726876765
        ],
        [
            82.10157415502678,
            48.55501128792821
        ],
        [
            42.76111212973649,
            53.21065799132797
        ]
    ],
    "distances": [
        [
            0.0,
            52.34134298506674,
            29.152571968448953,
            27.932738300973195,
            47.999622233439126,
            25.283931038128863,
            9.243918037645065,
            34.0595279960625,
            27.681417514000465,
            37.0741203919243,
            32.54136321513382,
            60.51994146048436,
            49.587574944400025,
            45.15364251377026,
            63.54952783641089,
            53.60390717955283,
            37.31580162111929,
            43.80696741147461,
            31.34966250664664,
            27.48934030091268,
            18.650321494770505,
            26.484278865697036,
            39.61498452088786,
            0.0
        ],
        [
            52.34134298506674,
            0.0,
            70.69780130684728,
            63.757925147321465,
            90.61296936320731,
            47.82742895208924,
            43.47420199123849,
            35.968021520943,
            64.3937475925712,
            56.7582557624688,
            61.57593607302487,
            30.282220505323142,
            41.927353546329044,
            9.299031557526357,
            46.445927077754334,
            75.63332922353017,
            88.76248059153237,
            92.71595488083776,
            53.05898875515712,
            26.865824999688357,
            44.24578957095652,
            72.29289524264493,
            24.568387098286788,
            52.34134298506674
        ],
        [
            29.152571968448953,
            70.69780130684728,
            0.0,
            8.39879299225595,
            65.32193546753061,
            54.416208313219215,
            36.03903215144117,
            62.30727082963748,
            53.36403564012414,
            65.72660515160166,
            15.08329427683098,
            86.53916899378407,
            47.675181867491915,
            66.16588977398001,
            60.92533651920325,
            30.39163574272701,
            42.722053326330496,
            24.39667278199211,
            60.20120715334175,
            51.93887825523712,
            47.69574779276647,
            46.26393525025537,
            49.51515404804649,
            29.152571968448953
        ],
        [
            27.932738300973195,
            63.757925147321465,
            8.39879299225595,
            0.0,
            69.38535973665057,
            52.84286442111958,
            33.005314209963394,
            58.952797786518694,
            54.44688665484502,
            64.99107635140948,
            7.336029085484807,
            81.55231483306481,
            39.28869987675103,
            59.88476529049187,
            52.625162709720676,
            26.483530381533733,
            48.77894235817065,
            32.78784294476513,
            59.21919736686192,
            47.05446709815925,
            45.55585020047602,
            49.154459546529495,
            41.73613965977344,
            27.932738300973195
        ],
        [
            47.999622233439126,
            90.61296936320731,
            65.32193546753061,
            69.38535973665057,
            0.0,
            43.0976871223966,
            52.464622750061245,
            56.90251646960388,
            26.22780989309838,
            38.79943311101502,
            76.1063821353967,
            82.94794081736485,
            97.56504612481491,
            81.53067059306734,
            111.4482067020535,
            95.44394473505022,
            27.273815590195387,
            60.17054152315944,
            39.56919546464811,
            64.16064441139972,
            46.596192711282406,
            21.52455315502579,
            85.67915651544304,
            47.999622233439126
        ],
        [
            25.283931038128863,
            47.82742895208924,
            54.416208313219215,
            52.84286442111958,
            43.0976871223966,
            0.0,
            20.708312996806477,
            14.469439524774247,
            17.014051964393886,
            13.183585596971398,
            56.53278521283122,
            42.59410433698256,
            64.21360205334695,
            38.62030556918072,
            76.57312191655295,
            77.47930974653232,
            47.87131510409149,
            66.15974410039433,
            7.309080877637973,
            22.46898141231157,
            7.832165551277583,
            27.61918620680375,
            47.85467070738285,
            25.283931038128863
        ],
        [
            9.243918037645065,
            43.47420199123849,
            36.03903215144117,
            33.005314209963394,
            52.464622750061245,
            20.708312996806477,
            0.0,
            26.270515291307163,
            28.8539901044568,
            33.70286504611624,
            36.02898172553841,
            51.65163309411508,
            46.194605627565004,
            36.02156947979679,
            59.6070468910953,
            56.85285459567979,
            45.46491372177695,
            52.75741565578081,
            27.749598373138785,
            18.24604862996327,
            12.964869545646394,
            31.544910475202904,
            33.27355674861226,
            9.243918037645065
        ],
        [
            34.0595279960625,
            35.968021520943,
            62.30727082963748,
            58.952797786518694,
            56.90251646960388,
            14.469439524774247,
            26.270515291307163,
            0.0,
            31.240195783960612,
            20.799582464656094,
            61.06178405281767,
            28.390905973261077,
            60.89984204786228,
            26.7031540773832,
            71.5976328614352,
            81.09332726931156,
            61.99693794566998,
            77.43234530967929,
            17.627469885457113,
            15.996833064538718,
            16.23005549152814,
            42.053585136530295,
            42.35727109171475,
            34.0595279960625
        ],
        [
            27.681417514000465,
            64.3937475925712,
            53.36403564012414,
            54.44688665484502,
            26.22780989309838,
            17.014051964393886,
            28.8539901044568,
            31.240195783960612,
            0.0,
            17.235157316996098,
            59.85824093925343,
            58.611348105999184,
            75.04844283402664,
            55.30291331047336,
            88.39390222710504,
            80.75130326418383,
            33.91998650008945,
            58.62827940608388,
            15.11403216287305,
            38.08584567614897,
            20.61395039283841,
            12.840601190906419,
            61.06856542550739,
            27.681417514000465
        ],
        [
            37.0741203919243,
            56.7582557624688,
            65.72660515160166,
            64.99107635140948,
            38.79943311101502,
            13.183585596971398,
            33.70286504611624,
            20.799582464656094,
            17.235157316996098,
            0.0,
            69.14110791459072,
            44.253673345245645,
            77.15089055499566,
            47.479266555999615,
            89.21421057779027,
            90.18171829176907,
            51.14130761814732,
            74.53407128876405,
            5.953730063926897,
            33.904122223330894,
            20.99225909965388,
            30.07572225099708,
            60.19885366534889,
            37.0741203919243
        ],
        [
            32.54136321513382,
            61.57593607302487,
            15.08329427683098,
            7.336029085484807,
            76.1063821353967,
            56.53278521283122,
            36.02898172553841,
            61.06178405281767,
            59.85824093925343,
            69.14110791459072,
            0.0,
            81.76476719475998,
            33.12031111223967,
            58.718118818213625,
            46.00286143298537,
            21.08111958041718,
            56.06539343911997,
            39.00765789287331,
            63.25667348759597,
            47.83355823368751,
            48.94164033590452,
            55.51028012878562,
            38.28573773099506,
            32.54136321513382
        ],
        [
            60.51994146048436,
            30.282220505323142,
            86.53916899378407,
            81.55231483306481,
            82.94794081736485,
            42.59410433698256,
            51.65163309411508,
            28.390905973261077,
            58.611348105999184,
            44.253673345245645,
            81.76476719475998,
            0.0,
            70.18502871231797,
            25.943773714800965,
            76.44587942451602,
            99.44574373902742,
            90.36867249243312,
            104.32436052786836,
            43.7334381951919,
            34.610829841398136,
            44.25238591374683,
            70.171669765657,
            50.9899722501913,
            60.51994146048436
        ],
        [
            49.587574944400025,
            41.927353546329044,
            47.675181867491915,
            39.28869987675103,
            97.56504612481491,
            64.21360205334695,
            46.194605627565004,
            60.89984204786228,
            75.04844283402664,
            77.15089055499566,
            33.12031111223967,
            70.18502871231797,
            0.0,
            44.24552073171124,
            14.172028788642475,
            37.68039303525181,
            83.59526259892546,
            71.99350260127332,
            71.48023181823459,
            44.91349072818513,
            56.80570353073632,
            76.06647562733596,
            19.505568719211702,
            49.587574944400025
        ],
        [
            45.15364251377026,
            9.299031557526357,
            66.16588977398001,
            59.88476529049187,
            81.53067059306734,
            38.62030556918072,
            36.02156947979679,
            26.7031540773832,
            55.30291331047336,
            47.479266555999615,
            58.718118818213625,
            25.943773714800965,
            44.24552073171124,
            0.0,
            51.19077861244316,
            74.76963192452155,
            80.77251538307797,
            87.03669902160962,
            43.76347509751987,
            18.420734233322467,
            35.39560120828482,
            63.618671470983045,
            25.09624461343829,
            45.15364251377026
        ],
        [
            63.54952783641089,
            46.445927077754334,
            60.92533651920325,
            52.625162709720676,
            111.4482067020535,
            76.57312191655295,
            59.6070468910953,
            71.5976328614352,
            88.39390222710504,
            89.21421057779027,
            46.00286143298537,
            76.44587942451602,
            14.172028788642475,
            51.19077861244316,
            0.0,
            45.85010707436723,
            97.75569290323801,
            85.00169850114766,
            83.73167127502126,
            55.903834845899276,
            69.45745881986088,
            89.99024680944555,
            29.264622440011077,
            63.54952783641089
        ],
        [
            53.60390717955283,
            75.63332922353017,
            30.39163574272701,
            26.483530381533733,
            95.44394473505022,
            77.47930974653232,
            56.85285459567979,
            81.09332726931156,
            80.75130326418383,
            90.18171829176907,
            21.08111958041718,
            99.44574373902742,
            37.68039303525181,
            74.76963192452155,
            45.85010707436723,
            0.0,
            72.96660525569182,
            48.045700814408555,
            84.28133315852011,
            66.85025035598665,
            69.81228064694375,
            75.5761276745216,
            51.073890988079334,
            53.60390717955283
        ],
        [
            37.31580162111929,
            88.76248059153237,
            42.722053326330496,
            48.77894235817065,
            27.273815590195387,
            47.87131510409149,
            45.46491372177695,
            61.99693794566998,
            33.91998650008945,
            51.14130761814732,
            56.06539343911997,
            90.36867249243312,
            83.59526259892546,
            80.77251538307797,
            97.75569290323801,
            72.96660525569182,
            0.0,
            33.06306592156378,
            48.57349388382758,
            62.36904735656086,
            46.81493084874936,
            21.101297645522422,
            76.6236673123706,
            37.31580162111929
        ],
        [
            43.80696741147461,
            92.71595488083776,
            24.39667278199211,
            32.78784294476513,
            60.17054152315944,
            66.15974410039433,
            52.75741565578081,
            77.43234530967929,
            58.62827940608388,
            74.53407128876405,
            39.00765789287331,
            104.32436052786836,
            71.99350260127332,
            87.03669902160962,
            85.00169850114766,
            48.045700814408555,
            33.06306592156378,
            0.0,
            70.04851944871054,
            70.68934351683734,
            61.33404398767035,
            47.408047282519384,
            73.15942396905358,
            43.80696741147461
        ],
        [
            31.34966250664664,
            53.05898875515712,
            60.20120715334175,
            59.21919736686192,
            39.56919546464811,
            7.309080877637973,
            27.749598373138785,
            17.627469885457113,
            15.11403216287305,
            5.953730063926897,
            63.25667348759597,
            43.7334381951919,
            71.48023181823459,
            43.76347509751987,
            83.73167127502126,
            84.28133315852011,
            48.57349388382758,
            70.04851944871054,
            0.0,
            28.942620501561848,
            15.06834557030744,
            27.546626496673653,
            54.86894682241133,
            31.34966250664664
        ],
        [
            27.48934030091268,
            26.865824999688357,
            51.93887825523712,
            47.05446709815925,
            64.16064441139972,
            22.46898141231157,
            18.24604862996327,
            15.996833064538718,
            38.08584567614897,
            33.904122223330894,
            47.83355823368751,
            34.610829841398136,
            44.91349072818513,
            18.420734233322467,
            55.903834845899276,
            66.85025035598665,
            62.36904735656086,
            70.68934351683734,
            28.942620501561848,
            0.0,
            17.56938468351821,
            45.428373014269546,
            26.648799654789144,
            27.48934030091268
        ],
        [
            18.650321494770505,
            44.24578957095652,
            47.69574779276647,
            45.55585020047602,
            46.596192711282406,
            7.832165551277583,
            12.964869545646394,
            16.23005549152814,
            20.61395039283841,
            20.99225909965388,
            48.94164033590452,
            44.25238591374683,
            56.80570353073632,
            35.39560120828482,
            69.45745881986088,
            69.81228064694375,
            46.81493084874936,
            61.33404398767035,
            15.06834557030744,
            17.56938468351821,
            0.0,
            28.3006033549639,
            41.16249287383682,
            18.650321494770505
        ],
        [
            26.484278865697036,
            72.29289524264493,
            46.26393525025537,
            49.154459546529495,
            21.52455315502579,
            27.61918620680375,
            31.544910475202904,
            42.053585136530295,
            12.840601190906419,
            30.07572225099708,
            55.51028012878562,
            70.171669765657,
            76.06647562733596,
            63.618671470983045,
            89.99024680944555,
            75.5761276745216,
            21.101297645522422,
            47.408047282519384,
            27.546626496673653,
            45.428373014269546,
            28.3006033549639,
            0.0,
            64.79943950237075,
            26.484278865697036
        ],
        [
            39.61498452088786,
            24.568387098286788,
            49.51515404804649,
            41.73613965977344,
            85.67915651544304,
            47.85467070738285,
            33.27355674861226,
            42.35727109171475,
            61.06856542550739,
            60.19885366534889,
            38.28573773099506,
            50.9899722501913,
            19.505568719211702,
            25.09624461343829,
            29.264622440011077,
            51.073890988079334,
            76.6236673123706,
            73.15942396905358,
            54.86894682241133,
            26.648799654789144,
            41.16249287383682,
            64.79943950237075,
            0.0,
            39.61498452088786
        ],
        [
            0.0,
            52.34134298506674,
            29.152571968448953,
            27.932738300973195,
            47.999622233439126,
            25.283931038128863,
            9.243918037645065,
            34.0595279960625,
            27.681417514000465,
            37.0741203919243,
            32.54136321513382,
            60.51994146048436,
            49.587574944400025,
            45.15364251377026,
            63.54952783641089,
            53.60390717955283,
            37.31580162111929,
            43.80696741147461,
            31.34966250664664,
            27.48934030091268,
            18.650321494770505,
            26.484278865697036,
            39.61498452088786,
            0.0
        ]
    ],
    "scores_ave": [
        0,
        17.033157365705883,
        13.884955372148122,
        12.675911798404595,
        18.359590206588106,
        16.347123162877708,
        10.522484560425939,
        19.933187687937185,
        12.51474945353253,
        14.65035491194735,
        15.824932448914574,
        14.317778796906243,
        19.99538201999537,
        13.355726624232346,
        15.626305044926594,
        17.024955095763467,
        15.831235818432388,
        10.319884380423142,
        10.089559078864244,
        18.30245676832497,
        15.324377057757186,
        12.82664705585908,
        10.535479257729957,
        0
    ],
    "scores_var": [
        0,
        21.409904795006085,
        282.5090237311917,
        349.39920118365393,
        361.69394682960217,
        17.339110648502952,
        334.8396642880473,
        287.53665824488525,
        17.685339978597717,
        311.343091376499,
        377.0062468801774,
        18.372024381823945,
        292.0602005115237,
        18.05255911583475,
        278.388101677923,
        355.75417186770414,
        331.24018841278496,
        21.358857240416913,
        18.12789155193537,
        21.675864152717615,
        18.16357004331088,
        317.0521968520826,
        250.58634901049012,
        0
    ],
    "vertex_number": 24,
    "minimum_distances": {
        "cost": 494.7946714120272,
        "path": [
            0,
            10,
            3,
            2,
            17,
            16,
            4,
            21,
            8,
            9,
            18,
            5,
            20,
            19,
            7,
            11,
            13,
            1,
            14,
            12,
            15,
            22,
            6,
            23
        ]
    }
}