{
    "vertices": [
        [
            25.15505214213949,
            5.212537099728998
        ],
        [
            80.66886894455992,
            52.32697243908806
        ],
        [
            21.989203652553215,
            27.644758370061982
        ],
        [
            30.52907239280389,
            1.14582964345189
        ],
        [
            78.61976783414782,
            72.42286753817415
        ],
        [
            26.673110621099827,
            21.426553853579556
        ],
        [
            0.045277588943182234,
            37.042583753937265
        ],
        [
            57.66730014060438,
            85.87324292016028
        ],
        [
            93.10181864703793,
            81.62691194966811
        ],
        [
            27.108052500423007,
            75.30080893283161
        ],
        [
            29.438900477096674,
            86.0296706715189
        ],
        [
            13.574176047107954,
            30.48093111291015
        ],
        [
            16.775057425291507,
            60.053634505816525
        ],
        [
            82.17519348107018,
            64.51377941014974
        ],
        [
            85.4457519977694,
            22.145633100144536
        ],
        [
            62.6387453384822,
            15.567673722931785
        ],
        [
            55.34378934567257,
            52.34900714041801
        ],
        [
            4.09784775780574,
            52.04280667632967
        ],
        [
            59.66755285588452,
            82.75085521836706
        ],
        [
            63.34392852421803,
            4.680320814504924
        ],
        [
            25.15505214213949,
            5.212537099728998
        ]
    ],
    "distances": [
        [
            0.0,
            72.81177015647499,
            22.65451716060608,
            6.739302871179696,
            85.88192092444292,
            16.284926798720647,
            40.541986237990606,
            86.96663574822152,
            102.25419190516445,
            70.11547660075016,
            80.93059023210843,
            27.795834708348693,
            55.47765564764232,
            82.2674532112844,
            62.62346388727585,
            38.88773727182831,
            55.97505392441132,
            51.34666498518375,
            84.87227746551503,
            38.19258479731287,
            0.0
        ],
        [
            72.81177015647499,
            0.0,
            63.65936545498364,
            71.64850714508144,
            20.200094435278373,
            62.212360393133686,
            82.0595882304819,
            40.67461653946301,
            31.828677220833388,
            58.27999846777443,
            61.321949881943375,
            70.56165627753124,
            64.35930746328162,
            12.279547131682438,
            30.557026295052008,
            40.943026260329724,
            25.325089184799385,
            76.57154847437188,
            36.96847198389143,
            50.69868806589365,
            72.81177015647499
        ],
        [
            22.65451716060608,
            63.65936545498364,
            0.0,
            27.841023360477827,
            72.19487419614413,
            7.784924655948955,
            23.87163616158294,
            68.28969894509513,
            89.28088774449992,
            47.930175972643724,
            58.85827016848549,
            8.880121926397221,
            32.825638961975244,
            70.58100370562026,
            63.69437892485494,
            42.40567430014557,
            41.50696681362395,
            30.255005815690843,
            66.75582303097579,
            47.303051291160614,
            22.65451716060608
        ],
        [
            6.739302871179696,
            71.64850714508144,
            27.841023360477827,
            0.0,
            85.98331884195777,
            20.64403583779348,
            47.09393486758708,
            88.96751073202863,
            101.94387270933309,
            74.23384895391321,
            84.89084133452765,
            33.8823949613469,
            60.49216809992005,
            81.74850996255898,
            58.79484198511087,
            35.19972561443136,
            56.899345894630514,
            57.350779478495504,
            86.65120450853462,
            33.0046574101847,
            6.739302871179696
        ],
        [
            85.88192092444292,
            20.200094435278373,
            72.19487419614413,
            85.98331884195777,
            0.0,
            72.79477457226913,
            86.17258843708302,
            24.898162590145485,
            17.159377298605108,
            51.59204748111654,
            51.02845094162138,
            77.39544587394737,
            63.069534098200435,
            8.671489292367829,
            50.73848995130425,
            59.058497642386264,
            30.736477447237913,
            77.25841994628937,
            21.58364617261237,
            69.44353031947111,
            85.88192092444292
        ],
        [
            16.284926798720647,
            62.212360393133686,
            7.784924655948955,
            20.64403583779348,
            72.79477457226913,
            0.0,
            30.86910886043325,
            71.51234519728395,
            89.64851568705768,
            53.87601075416317,
            64.6622942379858,
            15.923687843210272,
            39.87509017897603,
            70.2637190017563,
            58.77704015475307,
            36.439722241113195,
            42.16877915952007,
            38.03941942581904,
            69.63693815974266,
            40.31358588221407,
            16.284926798720647
        ],
        [
            40.541986237990606,
            82.0595882304819,
            23.87163616158294,
            47.09393486758708,
            86.17258843708302,
            30.86910886043325,
            0.0,
            75.5296680619741,
            103.18566835739117,
            46.86241116020821,
            57.128974707775726,
            15.036169022488117,
            28.44985044034942,
            86.60248076833459,
            86.69002346310744,
            66.17487412721208,
            57.37780057997468,
            15.538018300125058,
            75.12697111073315,
            71.09173842850326,
            40.541986237990606
        ],
        [
            86.96663574822152,
            40.67461653946301,
            68.28969894509513,
            88.96751073202863,
            24.898162590145485,
            71.51234519728395,
            75.5296680619741,
            0.0,
            35.688043214692264,
            32.33641873724351,
            28.228833082579186,
            70.79909462469205,
            48.361427739037126,
            32.509437359374886,
            69.51870712946985,
            70.48112036213519,
            33.60465871021333,
            63.35759342841882,
            3.7081418372677026,
            81.39112181227549,
            86.96663574822152
        ],
        [
            102.25419190516445,
            31.828677220833388,
            89.28088774449992,
            101.94387270933309,
            17.159377298605108,
            89.64851568705768,
            103.18566835739117,
            35.688043214692264,
            0.0,
            66.29628005848988,
            63.814978134255206,
            94.55452021588502,
            79.31696400058999,
            20.303951409336126,
            59.97197587300941,
            72.74490903492246,
            47.77933116675322,
            93.79192992403591,
            33.45315198101286,
            82.50036310152699,
            102.25419190516445
        ],
        [
            70.11547660075016,
            58.27999846777443,
            47.930175972643724,
            74.23384895391321,
            51.59204748111654,
            53.87601075416317,
            46.86241116020821,
            32.33641873724351,
            66.29628005848988,
            0.0,
            10.979131409097521,
            46.818663582446305,
            18.418662145511945,
            56.113724004967644,
            78.9224929943712,
            69.50163721493679,
            36.387388484369474,
            32.717032127939355,
            33.40096185821479,
            79.37437907336702,
            70.11547660075016
        ],
        [
            80.93059023210843,
            61.321949881943375,
            58.85827016848549,
            84.89084133452765,
            51.02845094162138,
            64.6622942379858,
            57.128974707775726,
            28.228833082579186,
            63.814978134255206,
            10.979131409097521,
            0.0,
            57.76981865809885,
            28.898570478877183,
            56.95656394632674,
            84.9584467470978,
            77.89173712790573,
            42.490591466682325,
            42.394290619721104,
            30.405954275658306,
            88.1321033961799,
            80.93059023210843
        ],
        [
            27.795834708348693,
            70.56165627753124,
            8.880121926397221,
            33.8823949613469,
            77.39544587394737,
            15.923687843210272,
            15.036169022488117,
            70.79909462469205,
            94.55452021588502,
            46.818663582446305,
            57.76981865809885,
            0.0,
            29.74542700251618,
            76.57894198928132,
            72.35330415809158,
            51.28096338533247,
            47.14778196539568,
            23.55239426595558,
            69.69034618672868,
            56.059787311431876,
            27.795834708348693
        ],
        [
            55.47765564764232,
            64.35930746328162,
            32.825638961975244,
            60.49216809992005,
            63.069534098200435,
            39.87509017897603,
            28.44985044034942,
            48.361427739037126,
            79.31696400058999,
            18.418662145511945,
            28.898570478877183,
            29.74542700251618,
            0.0,
            65.55204564833969,
            78.43902640675097,
            63.894276549429,
            39.33075596509516,
            14.99616642569279,
            48.5276209218799,
            72.35235742244222,
            55.47765564764232
        ],
        [
            82.2674532112844,
            12.279547131682438,
            70.58100370562026,
            81.74850996255898,
            8.671489292367829,
            70.2637190017563,
            86.60248076833459,
            32.509437359374886,
            20.303951409336126,
            56.113724004967644,
            56.95656394632674,
            76.57894198928132,
            65.55204564833969,
            0.0,
            42.49419224737848,
            52.7009873529172,
            29.460243248341758,
            79.06704165528039,
            28.968686897185616,
            62.72686272556527,
            82.2674532112844
        ],
        [
            62.62346388727585,
            30.557026295052008,
            63.69437892485494,
            58.79484198511087,
            50.73848995130425,
            58.77704015475307,
            86.69002346310744,
            69.51870712946985,
            59.97197587300941,
            78.9224929943712,
            84.9584467470978,
            72.35330415809158,
            78.43902640675097,
            42.49419224737848,
            0.0,
            23.736661566552108,
            42.642372810678566,
            86.66788627905288,
            65.8597638850745,
            28.169624315757932,
            62.62346388727585
        ],
        [
            38.88773727182831,
            40.943026260329724,
            42.40567430014557,
            35.19972561443136,
            59.058497642386264,
            36.439722241113195,
            66.17487412721208,
            70.48112036213519,
            72.74490903492246,
            69.50163721493679,
            77.89173712790573,
            51.28096338533247,
            63.894276549429,
            52.7009873529172,
            23.736661566552108,
            0.0,
            37.49777154585747,
            68.97443014276598,
            67.24885025498386,
            10.91016666591649,
            38.88773727182831
        ],
        [
            55.97505392441132,
            25.325089184799385,
            41.50696681362395,
            56.899345894630514,
            30.736477447237913,
            42.16877915952007,
            57.37780057997468,
            33.60465871021333,
            47.77933116675322,
            36.387388484369474,
            42.490591466682325,
            47.14778196539568,
            39.33075596509516,
            29.460243248341758,
            42.642372810678566,
            37.49777154585747,
            0.0,
            51.246856371403574,
            30.707772590126673,
            48.335348172061316,
            55.97505392441132
        ],
        [
            51.34666498518375,
            76.57154847437188,
            30.255005815690843,
            57.350779478495504,
            77.25841994628937,
            38.03941942581904,
            15.538018300125058,
            63.35759342841882,
            93.79192992403591,
            32.717032127939355,
            42.394290619721104,
            23.55239426595558,
            14.99616642569279,
            79.06704165528039,
            86.66788627905288,
            68.97443014276598,
            51.246856371403574,
            0.0,
            63.48997062487562,
            75.85053166057438,
            51.34666498518375
        ],
        [
            84.87227746551503,
            36.96847198389143,
            66.75582303097579,
            86.65120450853462,
            21.58364617261237,
            69.63693815974266,
            75.12697111073315,
            3.7081418372677026,
            33.45315198101286,
            33.40096185821479,
            30.405954275658306,
            69.69034618672868,
            48.5276209218799,
            28.968686897185616,
            65.8597638850745,
            67.24885025498386,
            30.707772590126673,
            63.48997062487562,
            0.0,
            78.15704753993293,
            84.87227746551503
        ],
        [
            38.19258479731287,
            50.69868806589365,
            47.303051291160614,
            33.0046574101847,
            69.44353031947111,
            40.31358588221407,
            71.09173842850326,
            81.39112181227549,
            82.50036310152699,
            79.37437907336702,
            88.1321033961799,
            56.059787311431876,
            72.35235742244222,
            62.72686272556527,
            28.169624315757932,
            10.91016666591649,
            48.335348172061316,
            75.85053166057438,
            78.15704753993293,
            0.0,
            38.19258479731287
        ],
        [
            0.0,
            72.81177015647499,
            22.65451716060608,
            6.739302871179696,
            85.88192092444292,
            16.284926798720647,
            40.541986237990606,
            86.96663574822152,
            102.25419190516445,
            70.11547660075016,
            80.93059023210843,
            27.795834708348693,
            55.47765564764232,
            82.2674532112844,
            62.62346388727585,
            38.88773727182831,
            55.97505392441132,
            51.34666498518375,
            84.87227746551503,
            38.19258479731287,
            0.0
        ]
    ],
    "scores_ave": [
        0,
        17.918242479335433,
        18.196543353811595,
        19.24106523509468,
        19.56953468916423,
        15.59206401956124,
        15.49042412446017,
        15.404479163797545,
        17.394651500272143,
        19.635826365017266,
        19.784807111195267,
        19.410201422249283,
        16.51643320507103,
        12.2484238243985,
        14.292840254461538,
        14.654925736053293,
        18.68278010761545,
        16.411359423543693,
        16.435962248336217,
        10.0696449645548,
        0
    ],
    "scores_var": [
        0,
        248.86800701886506,
        21.176930080450504,
        234.83552893168965,
        315.5117912064006,
        23.004748320564502,
        20.755235697941153,
        19.036861560572536,
        339.2197595838853,
        19.375149840267355,
        16.990320981467118,
        19.79038775463789,
        20.247121727857408,
        23.458882582378287,
        343.8237159153084,
        355.94945609456244,
        320.99711851846075,
        19.3430035432053,
        385.3691472521336,
        20.87920248231842,
        0
    ],
    "vertex_number": 21,
    "minimum_distances": {
        "cost": 353.5398681253761,
        "path": [
            0,
            3,
            19,
            15,
            14,
            16,
            1,
            13,
            8,
            4,
            18,
            7,
            10,
            9,
            12,
            17,
            6,
            11,
            2,
            5,
            20
        ]
    }
}