{
    "vertices": [
        [
            30.151092809444968,
            57.61428840583389
        ],
        [
            22.96154745350001,
            40.714326039196244
        ],
        [
            16.74382792743915,
            64.11425060950067
        ],
        [
            29.133886792814,
            24.447834236033316
        ],
        [
            49.25036828193501,
            81.65912392683518
        ],
        [
            13.565212044820807,
            14.268156436877355
        ],
        [
            58.05841302531293,
            3.377079615795975
        ],
        [
            12.697405410005258,
            47.72964838459114
        ],
        [
            32.47883296736423,
            57.92698172145888
        ],
        [
            40.73486588779227,
            37.56574786219195
        ],
        [
            77.21364521583614,
            48.32255229787298
        ],
        [
            97.05174689700038,
            15.24325094467872
        ],
        [
            68.51085164669688,
            15.119345615920599
        ],
        [
            40.77406291927731,
            12.357058943089926
        ],
        [
            28.713624508247992,
            80.80062126432523
        ],
        [
            18.466849728741032,
            50.34626333052812
        ],
        [
            51.4190989914386,
            71.05331167401391
        ],
        [
            24.30252934302105,
            43.50701893956113
        ],
        [
            83.64659155248002,
            62.32404981835974
        ],
        [
            48.454449860605806,
            32.48697156666074
        ],
        [
            14.426333588772234,
            43.62736214057627
        ],
        [
            11.179634839057828,
            95.1819543716737
        ],
        [
            60.43592635189397,
            43.88762813825432
        ],
        [
            30.151092809444968,
            57.61428840583389
        ]
    ],
    "distances": [
        [
            0.0,
            18.365682410924958,
            14.899807390210226,
            33.18204921757775,
            30.707270129499708,
            46.41097496722651,
            60.995846899318956,
            20.058347693339908,
            2.3486488354853146,
            22.670691001908253,
            47.97103499930244,
            79.1896605175029,
            57.24763104941661,
            46.48724892481649,
            23.230849027568954,
            13.760295231725637,
            25.158208071323433,
            15.271566599888184,
            53.702423021023755,
            31.086893232976394,
            21.045240765975706,
            42.086170455900174,
            33.25044879088689,
            0.0
        ],
        [
            18.365682410924958,
            0.0,
            24.2119083510717,
            17.398176010777963,
            48.65776993049681,
            28.065833423346156,
            51.24314533132819,
            12.432512195804737,
            19.668610504774808,
            18.0500524293826,
            54.782982927340626,
            78.34623998666571,
            52.247891204834715,
            33.48761419358611,
            40.496882044423586,
            10.629041519398779,
            41.59671007284235,
            3.0979615981757815,
            64.4178138336508,
            26.787635856024515,
            9.018628224102853,
            55.72733620961308,
            37.60849531731203,
            18.365682410924958
        ],
        [
            14.899807390210226,
            24.2119083510717,
            0.0,
            41.55644530756611,
            36.939108618641356,
            49.947339300459895,
            73.45678241066632,
            16.876869533717045,
            16.90776980856427,
            35.782578170653984,
            62.497812269371316,
            94.00923602210923,
            71.27640184577312,
            57.06364063882133,
            20.53560312764476,
            13.875383880877374,
            35.36276278543408,
            21.949760002981336,
            66.92671065830663,
            44.78669805915471,
            20.61755027028917,
            31.562041470394945,
            48.14681423860332,
            14.899807390210226
        ],
        [
            33.18204921757775,
            17.398176010777963,
            41.55644530756611,
            0.0,
            60.644904943342105,
            18.601329885345017,
            35.7855406280354,
            28.499136658772763,
            33.645831558478605,
            17.511778146878207,
            53.6811450376061,
            68.53874870975774,
            40.46685138529436,
            16.783341366948857,
            56.35435410191349,
            28.009182588731168,
            51.659473574164934,
            19.662007434920227,
            66.37953515243521,
            20.926344312306632,
            24.16953478846585,
            72.97719448281198,
            36.84729661072894,
            33.18204921757775
        ],
        [
            30.707270129499708,
            48.65776993049681,
            36.939108618641356,
            60.644904943342105,
            0.0,
            76.25596943780732,
            78.7760122989026,
            49.87312307534401,
            29.060264459637974,
            44.90812391764661,
            43.51174398774398,
            81.82933448026306,
            69.27126617227324,
            69.81850731440962,
            20.554680042452844,
            43.91036612508027,
            10.82527812263674,
            45.58484158886562,
            39.45814575036971,
            49.17859345147662,
            51.56673634114678,
            40.401085234414914,
            39.39292580455538,
            30.707270129499708
        ],
        [
            46.41097496722651,
            28.065833423346156,
            49.947339300459895,
            18.601329885345017,
            76.25596943780732,
            0.0,
            45.806773383563716,
            33.47274311618849,
            47.57959732523266,
            35.79061128519302,
            72.18604382138281,
            83.49222904512335,
            54.9522322956745,
            27.27588421186696,
            68.23520554799923,
            36.409557110930606,
            68.24566368842066,
            31.148050712894978,
            84.97510601575593,
            39.359676575140014,
            29.37183157151702,
            80.94895721896428,
            55.445260965423756,
            46.41097496722651
        ],
        [
            60.995846899318956,
            51.24314533132819,
            73.45678241066632,
            35.7855406280354,
            78.7760122989026,
            45.806773383563716,
            0.0,
            63.441085806176936,
            60.24953722376972,
            38.32714862715493,
            48.857122662803086,
            40.75887766407813,
            15.720505206623656,
            19.477905105699644,
            82.79807615224408,
            61.42960282383989,
            68.00112408216621,
            52.43921922856491,
            64.26118716924015,
            30.65325297354381,
            59.3619709854822,
            103.08130224816964,
            40.580255189051265,
            60.995846899318956
        ],
        [
            20.058347693339908,
            12.432512195804737,
            16.876869533717045,
            28.499136658772763,
            49.87312307534401,
            33.47274311618849,
            63.441085806176936,
            0.0,
            22.25512263255889,
            29.82287819565199,
            64.51896414027323,
            90.39369970483858,
            64.64187982632023,
            45.16103166104563,
            36.74518364922161,
            6.335073916087585,
            45.203570910413525,
            12.349473710676515,
            72.43468483737276,
            38.87036691900523,
            4.451735063452015,
            47.476572864916704,
            47.89287526649876,
            20.058347693339908
        ],
        [
            2.3486488354853146,
            19.668610504774808,
            16.90776980856427,
            33.645831558478605,
            29.060264459637974,
            47.57959732523266,
            60.24953722376972,
            22.25512263255889,
            0.0,
            21.971388755719328,
            45.75421829141741,
            77.4051812632,
            55.953552872467014,
            46.31877267352434,
            23.181462004748095,
            15.93119473241267,
            23.044179635778956,
            16.576708587315025,
            51.3563406647463,
            30.040213910620846,
            23.029803602550018,
            42.913737055599164,
            31.2842215748699,
            2.3486488354853146
        ],
        [
            22.670691001908253,
            18.0500524293826,
            35.782578170653984,
            17.511778146878207,
            44.90812391764661,
            35.79061128519302,
            38.32714862715493,
            29.82287819565199,
            21.971388755719328,
            0.0,
            38.031699711314616,
            60.57957539664415,
            35.7119918049986,
            25.208719392847676,
            44.87498771480344,
            25.675009626018586,
            35.150672355787165,
            17.47341942309539,
            49.54179765888802,
            9.24045157843324,
            26.997815455856664,
            64.75445108166174,
            20.690528113971805,
            22.670691001908253
        ],
        [
            47.97103499930244,
            54.782982927340626,
            62.497812269371316,
            53.6811450376061,
            43.51174398774398,
            72.18604382138281,
            48.857122662803086,
            64.51896414027323,
            45.75421829141741,
            38.031699711314616,
            0.0,
            38.571886865016744,
            34.324794972024215,
            51.19921747644809,
            58.37017194103601,
            58.78164157580382,
            34.38089639230775,
            53.129799024949065,
            15.408592777613949,
            32.83073155711036,
            62.96261836968988,
            80.97094595689607,
            17.353973682677122,
            47.97103499930244
        ],
        [
            79.1896605175029,
            78.34623998666571,
            94.00923602210923,
            68.53874870975774,
            81.82933448026306,
            83.49222904512335,
            40.75887766407813,
            90.39369970483858,
            77.4051812632,
            60.57957539664415,
            38.571886865016744,
            0.0,
            28.541164205744863,
            56.35164432531231,
            94.69882668147146,
            86.0686211200516,
            72.09092476508437,
            78.04671188451665,
            48.95201540687295,
            51.565911027853794,
            87.36484815265578,
            117.32099528592869,
            46.48890898912633,
            79.1896605175029
        ],
        [
            57.24763104941661,
            52.247891204834715,
            71.27640184577312,
            40.46685138529436,
            69.27126617227324,
            54.9522322956745,
            15.720505206623656,
            64.64187982632023,
            55.953552872467014,
            35.7119918049986,
            34.324794972024215,
            28.541164205744863,
            0.0,
            27.87399642269488,
            76.79745606926707,
            61.19916551421348,
            58.4870632517693,
            52.5379458832891,
            49.57191464262089,
            26.530994775355477,
            61.137894138807376,
            98.47278680641321,
            29.880068570896213,
            57.24763104941661
        ],
        [
            46.48724892481649,
            33.48761419358611,
            57.06364063882133,
            16.783341366948857,
            69.81850731440962,
            27.27588421186696,
            19.477905105699644,
            45.16103166104563,
            46.31877267352434,
            25.208719392847676,
            51.19921747644809,
            56.35164432531231,
            27.87399642269488,
            0.0,
            69.49802441715198,
            44.05441419788247,
            59.65372475906359,
            35.23679080358332,
            65.8388478676084,
            21.54534116232846,
            40.89052094234411,
            87.95335966380773,
            37.158655349917034,
            46.48724892481649
        ],
        [
            23.230849027568954,
            40.496882044423586,
            20.53560312764476,
            56.35435410191349,
            20.554680042452844,
            68.23520554799923,
            82.79807615224408,
            36.74518364922161,
            23.181462004748095,
            44.87498771480344,
            58.37017194103601,
            94.69882668147146,
            76.79745606926707,
            69.49802441715198,
            0.0,
            32.13198267368155,
            24.709281975731205,
            37.55356887053931,
            57.95700613972869,
            52.19108096888709,
            39.82433773082887,
            22.677379382631155,
            48.671074528766496,
            23.230849027568954
        ],
        [
            13.760295231725637,
            10.629041519398779,
            13.875383880877374,
            28.009182588731168,
            43.91036612508027,
            36.409557110930606,
            61.42960282383989,
            6.335073916087585,
            15.93119473241267,
            25.675009626018586,
            58.78164157580382,
            86.0686211200516,
            61.19916551421348,
            44.05441419788247,
            32.13198267368155,
            0.0,
            38.91828082752899,
            8.990573974997192,
            66.27115596816878,
            34.90287185856713,
            7.840242590486901,
            45.42403209739843,
            42.463129431860764,
            13.760295231725637
        ],
        [
            25.158208071323433,
            41.59671007284235,
            35.36276278543408,
            51.659473574164934,
            10.82527812263674,
            68.24566368842066,
            68.00112408216621,
            45.203570910413525,
            23.044179635778956,
            35.150672355787165,
            34.38089639230775,
            72.09092476508437,
            58.4870632517693,
            59.65372475906359,
            24.709281975731205,
            38.91828082752899,
            0.0,
            38.65367502462924,
            33.38878987499485,
            38.68012065318547,
            46.050487510420325,
            46.919141868773224,
            28.623024606307702,
            25.158208071323433
        ],
        [
            15.271566599888184,
            3.0979615981757815,
            21.949760002981336,
            19.662007434920227,
            45.58484158886562,
            31.148050712894978,
            52.43921922856491,
            12.349473710676515,
            16.576708587315025,
            17.47341942309539,
            53.129799024949065,
            78.04671188451665,
            52.5379458832891,
            35.23679080358332,
            37.55356887053931,
            8.990573974997192,
            38.65367502462924,
            0.0,
            62.25591032676172,
            26.547254260821404,
            9.8769289286839,
            53.31518838075273,
            36.135401516559305,
            15.271566599888184
        ],
        [
            53.702423021023755,
            64.4178138336508,
            66.92671065830663,
            66.37953515243521,
            39.45814575036971,
            84.97510601575593,
            64.26118716924015,
            72.43468483737276,
            51.3563406647463,
            49.54179765888802,
            15.408592777613949,
            48.95201540687295,
            49.57191464262089,
            65.8388478676084,
            57.95700613972869,
            66.27115596816878,
            33.38878987499485,
            62.25591032676172,
            0.0,
            46.13824959249062,
            71.70083850752954,
            79.56822045854548,
            29.641805333352377,
            53.702423021023755
        ],
        [
            31.086893232976394,
            26.787635856024515,
            44.78669805915471,
            20.926344312306632,
            49.17859345147662,
            39.359676575140014,
            30.65325297354381,
            38.87036691900523,
            30.040213910620846,
            9.24045157843324,
            32.83073155711036,
            51.565911027853794,
            26.530994775355477,
            21.54534116232846,
            52.19108096888709,
            34.90287185856713,
            38.68012065318547,
            26.547254260821404,
            46.13824959249062,
            0.0,
            35.80532082175511,
            72.93882850588902,
            16.53876504382086,
            31.086893232976394
        ],
        [
            21.045240765975706,
            9.018628224102853,
            20.61755027028917,
            24.16953478846585,
            51.56673634114678,
            29.37183157151702,
            59.3619709854822,
            4.451735063452015,
            23.029803602550018,
            26.997815455856664,
            62.96261836968988,
            87.36484815265578,
            61.137894138807376,
            40.89052094234411,
            39.82433773082887,
            7.840242590486901,
            46.050487510420325,
            9.8769289286839,
            71.70083850752954,
            35.80532082175511,
            0.0,
            51.65672301730075,
            46.01032889056381,
            21.045240765975706
        ],
        [
            42.086170455900174,
            55.72733620961308,
            31.562041470394945,
            72.97719448281198,
            40.401085234414914,
            80.94895721896428,
            103.08130224816964,
            47.476572864916704,
            42.913737055599164,
            64.75445108166174,
            80.97094595689607,
            117.32099528592869,
            98.47278680641321,
            87.95335966380773,
            22.677379382631155,
            45.42403209739843,
            46.919141868773224,
            53.31518838075273,
            79.56822045854548,
            72.93882850588902,
            51.65672301730075,
            0.0,
            71.11462688742697,
            42.086170455900174
        ],
        [
            33.25044879088689,
            37.60849531731203,
            48.14681423860332,
            36.84729661072894,
            39.39292580455538,
            55.445260965423756,
            40.580255189051265,
            47.89287526649876,
            31.2842215748699,
            20.690528113971805,
            17.353973682677122,
            46.48890898912633,
            29.880068570896213,
            37.158655349917034,
            48.671074528766496,
            42.463129431860764,
            28.623024606307702,
            36.135401516559305,
            29.641805333352377,
            16.53876504382086,
            46.01032889056381,
            71.11462688742697,
            0.0,
            33.25044879088689
        ],
        [
            0.0,
            18.365682410924958,
            14.899807390210226,
            33.18204921757775,
            30.707270129499708,
            46.41097496722651,
            60.995846899318956,
            20.058347693339908,
            2.3486488354853146,
            22.670691001908253,
            47.97103499930244,
            79.1896605175029,
            57.24763104941661,
            46.48724892481649,
            23.230849027568954,
            13.760295231725637,
            25.158208071323433,
            15.271566599888184,
            53.702423021023755,
            31.086893232976394,
            21.045240765975706,
            42.086170455900174,
            33.25044879088689,
            0.0
        ]
    ],
    "scores_ave": [
        0,
        18.19632504845355,
        18.29959070827687,
        10.473925334212998,
        11.010132346196428,
        18.66788962431979,
        17.201035257358523,
        12.05070564262762,
        10.542015512231286,
        17.85974814636579,
        10.948487250815466,
        10.343598372127815,
        13.64582276719888,
        19.331788275530396,
        12.666767512079364,
        12.703863257228116,
        14.236797121851875,
        17.481399651218318,
        16.016371101703825,
        17.504994896388897,
        12.566984003119604,
        11.006142330019072,
        17.417116685905583,
        0
    ],
    "scores_var": [
        0,
        297.22582330811457,
        247.43066340749294,
        294.1518387849445,
        305.3433664185444,
        21.33738317089288,
        22.73900100975534,
        16.39901747703616,
        298.4852044042965,
        21.136695354544944,
        16.98392867276197,
        22.993045982746647,
        383.7073263916535,
        321.66043971164686,
        23.858150913592873,
        22.72865133218425,
        363.6920137394352,
        23.711041370401617,
        248.19980098497447,
        23.24894518326169,
        16.07195770942885,
        236.24290462102113,
        246.73817602768344,
        0
    ],
    "vertex_number": 24,
    "minimum_distances": {
        "cost": 417.5655126534254,
        "path": [
            0,
            15,
            7,
            20,
            17,
            1,
            3,
            5,
            13,
            6,
            12,
            11,
            18,
            10,
            22,
            19,
            9,
            8,
            16,
            4,
            14,
            21,
            2,
            23
        ]
    }
}