{
    "vertices": [
        [
            99.50590234237264,
            33.908548538994275
        ],
        [
            61.438763885745175,
            89.24853422306718
        ],
        [
            31.206457935333432,
            94.155655548909
        ],
        [
            77.19949093391344,
            93.98772418433548
        ],
        [
            96.16827624660095,
            87.7130835946259
        ],
        [
            13.19890120827878,
            43.30517704065445
        ],
        [
            69.63809999256158,
            92.96282463139161
        ],
        [
            41.781632360389274,
            88.42972323191893
        ],
        [
            72.7306356059639,
            77.11358335925482
        ],
        [
            1.3359705869002814,
            70.35471699849364
        ],
        [
            50.3129646615652,
            79.74189347722421
        ],
        [
            14.498475507717789,
            26.3005718788111
        ],
        [
            6.759189958536227,
            7.750335841169608
        ],
        [
            27.118786453875366,
            53.91609317828367
        ],
        [
            36.95556024960879,
            13.165801618447915
        ],
        [
            62.22535725761127,
            14.529044899503972
        ],
        [
            5.027513264066474,
            63.531256973336305
        ],
        [
            73.61617266507959,
            85.50720722797308
        ],
        [
            55.716879732829426,
            9.988235574607074
        ],
        [
            99.50590234237264,
            33.908548538994275
        ]
    ],
    "distances": [
        [
            0.0,
            67.16860163640031,
            91.07429938997254,
            64.08653006792612,
            53.907956189303526,
            86.81702063511906,
            66.17773902155068,
            79.40182513550499,
            50.82902657562667,
            104.71704109767572,
            67.2357094548319,
            85.34719635647728,
            96.36495602424519,
            75.10124092948061,
            65.89997606776213,
            42.01671337848717,
            99.01348826204357,
            57.72953907026312,
            49.89649159423252,
            0.0
        ],
        [
            67.16860163640031,
            0.0,
            30.62796373880955,
            16.457838210890547,
            34.76343822833431,
            66.61738827311959,
            9.001392438390521,
            19.674177778102088,
            16.57598864059142,
            63.00255623099166,
            14.634193747770508,
            78.52284149409174,
            98.14179611335958,
            49.25690044153363,
            79.92502399670904,
            74.72362955522664,
            61.99683496632204,
            12.73918412863362,
            79.46656466780526,
            67.16860163640031
        ],
        [
            91.07429938997254,
            30.62796373880955,
            0.0,
            45.99333957598292,
            65.28050682778319,
            53.94481683903051,
            38.45014898297135,
            12.025831157101218,
            44.885293312392086,
            38.19333306106647,
            23.933556700554952,
            69.8818220761129,
            89.79726156919257,
            40.44664927926381,
            81.19364887167855,
            85.45507146259693,
            40.28884376867615,
            43.28255493635221,
            87.66364903323205,
            91.07429938997254
        ],
        [
            64.08653006792612,
            16.457838210890547,
            45.99333957598292,
            0.0,
            19.97963790384752,
            81.63820227197841,
            7.630534192412908,
            35.85130514390267,
            17.45586710899223,
            79.45937797445768,
            30.427438070421672,
            92.26574620468465,
            111.34955388214058,
            64.13900975772917,
            90.28708171255421,
            80.85732120869129,
            78.33511827878705,
            9.206483458026115,
            86.70303726348249,
            64.08653006792612
        ],
        [
            53.907956189303526,
            34.76343822833431,
            65.28050682778319,
            19.97963790384752,
            0.0,
            94.10621317828073,
            27.044593415754964,
            54.3913651747715,
            25.722993683459038,
            96.40787876320387,
            46.54298521204325,
            102.18342795176707,
            119.95009687011296,
            76.87697055580458,
            95.20211649840692,
            80.67233273695648,
            94.29421729767228,
            22.65972785574942,
            87.62115885817416,
            53.907956189303526
        ],
        [
            86.81702063511906,
            66.61738827311959,
            53.94481683903051,
            81.63820227197841,
            94.10621317828073,
            0.0,
            75.17489689821751,
            53.41532728610197,
            68.46192911538574,
            29.536532207731817,
            52.01046058913114,
            17.05419274166772,
            36.13331722525134,
            17.502992502151674,
            38.37656576149974,
            56.84768397887538,
            21.814350560538216,
            73.6970694275974,
            54.016637126594404,
            86.81702063511906
        ],
        [
            66.17773902155068,
            9.001392438390521,
            38.45014898297135,
            7.630534192412908,
            27.044593415754964,
            75.17489689821751,
            0.0,
            28.222894912467154,
            16.148133806188444,
            71.94655941800414,
            23.414821719256345,
            86.51146820149634,
            105.90054566852226,
            57.728149640987404,
            86.23058207954969,
            78.78328856987899,
            70.99820485203183,
            8.450520283035349,
            84.13431406187517,
            66.17773902155068
        ],
        [
            79.40182513550499,
            19.674177778102088,
            12.025831157101218,
            35.85130514390267,
            54.3913651747715,
            53.41532728610197,
            28.222894912467154,
            0.0,
            32.952933458377984,
            44.30076079068882,
            12.176289117775031,
            67.85574475094099,
            87.953027358572,
            37.49919611881523,
            75.41849155649537,
            76.67630759018303,
            44.39368077301608,
            31.968407157759234,
            79.66968121703079,
            79.40182513550499
        ],
        [
            50.82902657562667,
            16.57598864059142,
            44.885293312392086,
            17.45586710899223,
            25.722993683459038,
            68.46192911538574,
            16.148133806188444,
            32.952933458377984,
            0.0,
            71.71387918434571,
            22.57122027378134,
            77.28484072196483,
            95.72612886284841,
            51.17190961620577,
            73.27465323236108,
            63.4601081577742,
            69.0520989173794,
            8.440207197254356,
            69.24796173260648,
            50.82902657562667
        ],
        [
            104.71704109767572,
            63.00255623099166,
            38.19333306106647,
            79.45937797445768,
            96.40787876320387,
            29.536532207731817,
            71.94655941800414,
            44.30076079068882,
            71.71387918434571,
            0.0,
            49.86847732618869,
            45.97846493758349,
            62.83884028564178,
            30.577474505470807,
            67.37452938674794,
            82.60764537522705,
            7.758034161581111,
            73.85137488643596,
            81.24897143372489,
            104.71704109767572
        ],
        [
            67.2357094548319,
            14.634193747770508,
            23.933556700554952,
            30.427438070421672,
            46.54298521204325,
            52.01046058913114,
            23.414821719256345,
            12.176289117775031,
            22.57122027378134,
            49.86847732618869,
            0.0,
            64.3323595676085,
            84.14104623634995,
            34.71227252443769,
            67.90284426894628,
            66.29193553504832,
            48.09944744107153,
            24.005798172517213,
            69.96266925220034,
            67.2357094548319
        ],
        [
            85.34719635647728,
            78.52284149409174,
            69.8818220761129,
            92.26574620468465,
            102.18342795176707,
            17.05419274166772,
            86.51146820149634,
            67.85574475094099,
            77.28484072196483,
            45.97846493758349,
            64.3323595676085,
            0.0,
            20.099945220422455,
            30.36262941543976,
            26.016203506603237,
            49.15713670458106,
            38.416442292700275,
            83.66796152983639,
            44.328875042867416,
            85.34719635647728
        ],
        [
            96.36495602424519,
            98.14179611335958,
            89.79726156919257,
            111.34955388214058,
            119.95009687011296,
            36.13331722525134,
            105.90054566852226,
            87.953027358572,
            95.72612886284841,
            62.83884028564178,
            84.14104623634995,
            20.099945220422455,
            0.0,
            50.4558254313843,
            30.678136324432128,
            55.87885656799472,
            55.80779395861452,
            102.54748746062448,
            49.008811281777206,
            96.36495602424519
        ],
        [
            75.10124092948061,
            49.25690044153363,
            40.44664927926381,
            64.13900975772917,
            76.87697055580458,
            17.502992502151674,
            57.728149640987404,
            37.49919611881523,
            51.17190961620577,
            30.577474505470807,
            34.71227252443769,
            30.36262941543976,
            50.4558254313843,
            0.0,
            41.92073926972243,
            52.76183171301623,
            24.09306385565066,
            56.21392542221517,
            52.416673042464694,
            75.10124092948061
        ],
        [
            65.89997606776213,
            79.92502399670904,
            81.19364887167855,
            90.28708171255421,
            95.20211649840692,
            38.37656576149974,
            86.23058207954969,
            75.41849155649537,
            73.27465323236108,
            67.37452938674794,
            67.90284426894628,
            26.016203506603237,
            30.678136324432128,
            41.92073926972243,
            0.0,
            25.306542100196065,
            59.63287077959817,
            81.1004282864105,
            19.028505845558254,
            65.89997606776213
        ],
        [
            42.01671337848717,
            74.72362955522664,
            85.45507146259693,
            80.85732120869129,
            80.67233273695648,
            56.84768397887538,
            78.78328856987899,
            76.67630759018303,
            63.4601081577742,
            82.60764537522705,
            66.29193553504832,
            49.15713670458106,
            55.87885656799472,
            52.76183171301623,
            25.306542100196065,
            0.0,
            75.31805989029941,
            71.88637007926836,
            7.935945376302753,
            42.01671337848717
        ],
        [
            99.01348826204357,
            61.99683496632204,
            40.28884376867615,
            78.33511827878705,
            94.29421729767228,
            21.814350560538216,
            70.99820485203183,
            44.39368077301608,
            69.0520989173794,
            7.758034161581111,
            48.09944744107153,
            38.416442292700275,
            55.80779395861452,
            24.09306385565066,
            59.63287077959817,
            75.31805989029941,
            0.0,
            72.02323644506997,
            73.73104511336678,
            99.01348826204357
        ],
        [
            57.72953907026312,
            12.73918412863362,
            43.28255493635221,
            9.206483458026115,
            22.65972785574942,
            73.6970694275974,
            8.450520283035349,
            31.968407157759234,
            8.440207197254356,
            73.85137488643596,
            24.005798172517213,
            83.66796152983639,
            102.54748746062448,
            56.21392542221517,
            81.1004282864105,
            71.88637007926836,
            72.02323644506997,
            0.0,
            77.61120902972971,
            57.72953907026312
        ],
        [
            49.89649159423252,
            79.46656466780526,
            87.66364903323205,
            86.70303726348249,
            87.62115885817416,
            54.016637126594404,
            84.13431406187517,
            79.66968121703079,
            69.24796173260648,
            81.24897143372489,
            69.96266925220034,
            44.328875042867416,
            49.008811281777206,
            52.416673042464694,
            19.028505845558254,
            7.935945376302753,
            73.73104511336678,
            77.61120902972971,
            0.0,
            49.89649159423252
        ],
        [
            0.0,
            67.16860163640031,
            91.07429938997254,
            64.08653006792612,
            53.907956189303526,
            86.81702063511906,
            66.17773902155068,
            79.40182513550499,
            50.82902657562667,
            104.71704109767572,
            67.2357094548319,
            85.34719635647728,
            96.36495602424519,
            75.10124092948061,
            65.89997606776213,
            42.01671337848717,
            99.01348826204357,
            57.72953907026312,
            49.89649159423252,
            0.0
        ]
    ],
    "scores_ave": [
        0,
        19.636133455736122,
        12.964114464332388,
        15.574999726815205,
        12.542099756957258,
        19.232721674474732,
        17.674568634609827,
        16.88396051633577,
        15.528501218755077,
        13.607492019460848,
        16.75889139847599,
        19.99032185041908,
        12.239937410522607,
        18.99173390796993,
        17.133074604702696,
        12.700490106809738,
        15.234412937388832,
        15.519293455469366,
        14.245975836376482,
        0
    ],
    "scores_var": [
        0,
        23.82405928501239,
        284.15444789286914,
        16.950012732723994,
        21.223542269889037,
        22.62067053112451,
        242.56525648206917,
        19.268723535914496,
        22.61894515626532,
        23.46256412534514,
        21.435494955248586,
        254.88224295699723,
        387.8545767986478,
        330.1155543951482,
        365.53984757633907,
        297.05297088564197,
        23.432488900038294,
        22.904851317359896,
        22.339311938080264,
        0
    ],
    "vertex_number": 20,
    "minimum_distances": {
        "cost": 377.10674364881356,
        "path": [
            0,
            4,
            8,
            17,
            3,
            6,
            1,
            10,
            7,
            2,
            9,
            16,
            13,
            5,
            11,
            12,
            14,
            18,
            15,
            19
        ]
    }
}