{
    "vertices": [
        [
            80.0700545217946,
            70.8645023045824
        ],
        [
            51.96905089275976,
            20.701506499465484
        ],
        [
            24.363359780720074,
            22.075605208361594
        ],
        [
            9.294804385158361,
            81.47434941410897
        ],
        [
            34.67919268175799,
            7.361078897566098
        ],
        [
            26.001983973067055,
            31.884534478670822
        ],
        [
            43.03238736806699,
            84.00047264247445
        ],
        [
            60.034207718809526,
            23.443849956470398
        ],
        [
            78.3411531409684,
            4.171777735806437
        ],
        [
            57.988869704229316,
            77.75395208526932
        ],
        [
            87.54809263847302,
            38.93720594975786
        ],
        [
            23.777355315446414,
            67.27002996388177
        ],
        [
            81.6094679602996,
            82.31513491926417
        ],
        [
            81.90502947009857,
            28.09762182651523
        ],
        [
            90.95939869447002,
            97.00213545320359
        ],
        [
            86.53097614263262,
            29.214926479757054
        ],
        [
            26.14377171827188,
            99.84732940555426
        ],
        [
            74.11948328478097,
            82.24707770046199
        ],
        [
            78.58454307557129,
            30.18747609839405
        ],
        [
            12.150066594084674,
            93.86344905828719
        ],
        [
            80.0700545217946,
            70.8645023045824
        ]
    ],
    "distances": [
        [
            0.0,
            57.49776128775108,
            74.05128168263452,
            71.56608755263179,
            78.05776785811953,
            66.65428826843237,
            39.29812342731257,
            51.479640890678205,
            66.71513029584244,
            23.131001734211225,
            32.791360243260534,
            56.40734185675173,
            11.553647952532721,
            42.806228505746525,
            28.315255307393603,
            42.147724429421906,
            61.22130547260765,
            12.844155117782455,
            40.70414235966401,
            71.70827226952278,
            0.0
        ],
        [
            57.49776128775108,
            0.0,
            27.639868469931923,
            74.25920650612599,
            21.838182286034346,
            28.272755069067614,
            63.92670075740942,
            8.518638521791777,
            31.124262400739852,
            57.36915343496042,
            39.980106878103776,
            54.43711121266263,
            68.37246178828674,
            30.836104412099598,
            85.68566508135623,
            35.59501364992894,
            83.25266559049149,
            65.41023612257054,
            28.255407329661672,
            83.29598639525473,
            57.49776128775108
        ],
        [
            74.05128168263452,
            27.639868469931923,
            0.0,
            61.28027557810849,
            17.970355950654657,
            9.944857096694449,
            64.67783080615467,
            35.69707952078192,
            56.86958074584944,
            65.04424054873175,
            65.39590236297578,
            45.19822375067073,
            83.10185221460972,
            57.85592825969399,
            100.24478706413078,
            62.5762129913447,
            77.79210082824336,
            78.07866499895445,
            54.824621906862326,
            72.8193590680666,
            74.05128168263452
        ],
        [
            71.56608755263179,
            74.25920650612599,
            61.28027557810849,
            0.0,
            78.33992619252845,
            52.32857340988418,
            33.83202335204819,
            77.08453747644803,
            103.64885848183788,
            48.83598420818799,
            89.0673099209982,
            20.285634633712846,
            72.31955121716076,
            90.11836569116126,
            83.1277216275074,
            93.25488466124192,
            24.928981005215103,
            64.82928430457726,
            86.20563358788043,
            12.713862995765668,
            71.56608755263179
        ],
        [
            78.05776785811953,
            21.838182286034346,
            17.970355950654657,
            78.33992619252845,
            0.0,
            26.013339359117243,
            77.09327165878017,
            30.025527679996554,
            43.778287232851575,
            74.15185526008095,
            61.58061693625113,
            60.89279494182964,
            88.43393721769684,
            51.57793979021586,
            105.84413356083702,
            56.268979928723304,
            92.87927618177403,
            84.63716287517101,
            49.48458550269455,
            89.38803927649768,
            78.05776785811953
        ],
        [
            66.65428826843237,
            28.272755069067614,
            9.944857096694449,
            52.32857340988418,
            26.013339359117243,
            0.0,
            54.827964128625354,
            35.06333424367385,
            59.223183935646105,
            55.921054445950496,
            61.94887946309477,
            35.45535591977877,
            75.06955265744627,
            56.031162787133304,
            91.97699540627977,
            60.58783458691352,
            67.96294282944423,
            69.65399844789653,
            52.609937549045036,
            63.50796381196248,
            66.65428826843237
        ],
        [
            39.29812342731257,
            63.92670075740942,
            64.67783080615467,
            33.83202335204819,
            77.09327165878017,
            54.827964128625354,
            0.0,
            62.8980639318412,
            87.28877058881913,
            16.208497245072472,
            63.34308186961347,
            25.508115798096913,
            38.61387717208523,
            68.08972781076474,
            49.65925543667627,
            69.95415136877872,
            23.159192728505733,
            31.13650472287552,
            64.49646790719504,
            32.41906908234748,
            39.29812342731257
        ],
        [
            51.479640890678205,
            8.518638521791777,
            35.69707952078192,
            77.08453747644803,
            30.025527679996554,
            35.06333424367385,
            62.8980639318412,
            0.0,
            26.581140275924795,
            54.348602565608395,
            31.57622433583887,
            56.87963959310292,
            62.70023961404365,
            22.360465931976428,
            79.79466650159009,
            27.117965652742818,
            83.58261376765576,
            60.466640231462286,
            19.73807071094745,
            85.15756518896698,
            51.479640890678205
        ],
        [
            66.71513029584244,
            31.124262400739852,
            56.86958074584944,
            103.64885848183788,
            43.778287232851575,
            59.223183935646105,
            87.28877058881913,
            26.581140275924795,
            0.0,
            76.34495283307285,
            35.96390876712542,
            83.41820824845287,
            78.21167530273033,
            24.18981665788807,
            93.68401910031606,
            26.34829216116718,
            108.98797096329966,
            78.18935324547445,
            26.016836855263744,
            111.47132296190337,
            66.71513029584244
        ],
        [
            23.131001734211225,
            57.36915343496042,
            65.04424054873175,
            48.83598420818799,
            74.15185526008095,
            55.921054445950496,
            16.208497245072472,
            54.348602565608395,
            76.34495283307285,
            0.0,
            48.790239198276765,
            35.781843717466806,
            24.0569543130422,
            55.115640545248496,
            38.17785149614793,
            56.30887005324933,
            38.75858081962898,
            16.744696840461994,
            51.83388273541725,
            48.587156361473525,
            23.131001734211225
        ],
        [
            32.791360243260534,
            39.980106878103776,
            65.39590236297578,
            89.0673099209982,
            61.58061693625113,
            61.94887946309477,
            63.34308186961347,
            31.57622433583887,
            35.96390876712542,
            48.790239198276765,
            0.0,
            69.78148647985206,
            43.78255342886873,
            12.220505140423535,
            58.16505004938794,
            9.775338564924994,
            86.49007900951074,
            45.34393609113026,
            12.526092496802137,
            93.28319523583832,
            32.791360243260534
        ],
        [
            56.40734185675173,
            54.43711121266263,
            45.19822375067073,
            20.285634633712846,
            60.89279494182964,
            35.45535591977877,
            25.508115798096913,
            56.87963959310292,
            83.41820824845287,
            35.781843717466806,
            69.78148647985206,
            0.0,
            59.75707854376299,
            70.09496459739341,
            73.46716987477585,
            73.39078844180446,
            32.66313465520351,
            52.522774178299635,
            66.17358711268704,
            29.024193048913396,
            56.40734185675173
        ],
        [
            11.553647952532721,
            68.37246178828674,
            83.10185221460972,
            72.31955121716076,
            88.43393721769684,
            75.06955265744627,
            38.61387717208523,
            62.70023961404365,
            78.21167530273033,
            24.0569543130422,
            43.78255342886873,
            59.75707854376299,
            0.0,
            54.21831869920421,
            17.410605659129775,
            53.32779180791075,
            58.1706223373791,
            7.490293867702052,
            52.21535200210075,
            70.4128681251268,
            11.553647952532721
        ],
        [
            42.806228505746525,
            30.836104412099598,
            57.85592825969399,
            90.11836569116126,
            51.57793979021586,
            56.031162787133304,
            68.08972781076474,
            22.360465931976428,
            24.18981665788807,
            55.115640545248496,
            12.220505140423535,
            70.09496459739341,
            54.21831869920421,
            0.0,
            69.49686036204605,
            4.7589654658638505,
            90.8698982267685,
            54.70629123645854,
            3.9234067816033202,
            95.86917584559365,
            42.806228505746525
        ],
        [
            28.315255307393603,
            85.68566508135623,
            100.24478706413078,
            83.1277216275074,
            105.84413356083702,
            91.97699540627977,
            49.65925543667627,
            79.79466650159009,
            93.68401910031606,
            38.17785149614793,
            58.16505004938794,
            73.46716987477585,
            17.410605659129775,
            69.49686036204605,
            0.0,
            67.93170560722977,
            64.87804427496376,
            22.389606523836527,
            67.95098053956123,
            78.87180851479484,
            28.315255307393603
        ],
        [
            42.147724429421906,
            35.59501364992894,
            62.5762129913447,
            93.25488466124192,
            56.268979928723304,
            60.58783458691352,
            69.95415136877872,
            27.117965652742818,
            26.34829216116718,
            56.30887005324933,
            9.775338564924994,
            73.39078844180446,
            53.32779180791075,
            4.7589654658638505,
            67.93170560722977,
            0.0,
            92.92766434846891,
            54.465165179738676,
            8.00572615382245,
            98.54923224894242,
            42.147724429421906
        ],
        [
            61.22130547260765,
            83.25266559049149,
            77.79210082824336,
            24.928981005215103,
            92.87927618177403,
            67.96294282944423,
            23.159192728505733,
            83.58261376765576,
            108.98797096329966,
            38.75858081962898,
            86.49007900951074,
            32.66313465520351,
            58.1706223373791,
            90.8698982267685,
            64.87804427496376,
            92.92766434846891,
            0.0,
            51.102228526703975,
            87.19248627791063,
            15.219415465552952,
            61.22130547260765
        ],
        [
            12.844155117782455,
            65.41023612257054,
            78.07866499895445,
            64.82928430457726,
            84.63716287517101,
            69.65399844789653,
            31.13650472287552,
            60.466640231462286,
            78.18935324547445,
            16.744696840461994,
            45.34393609113026,
            52.522774178299635,
            7.490293867702052,
            54.70629123645854,
            22.389606523836527,
            54.465165179738676,
            51.102228526703975,
            0.0,
            52.250730883896416,
            63.04878023013649,
            12.844155117782455
        ],
        [
            40.70414235966401,
            28.255407329661672,
            54.824621906862326,
            86.20563358788043,
            49.48458550269455,
            52.609937549045036,
            64.49646790719504,
            19.73807071094745,
            26.016836855263744,
            51.83388273541725,
            12.526092496802137,
            66.17358711268704,
            52.21535200210075,
            3.9234067816033202,
            67.95098053956123,
            8.00572615382245,
            87.19248627791063,
            52.250730883896416,
            0.0,
            92.0226558938517,
            40.70414235966401
        ],
        [
            71.70827226952278,
            83.29598639525473,
            72.8193590680666,
            12.713862995765668,
            89.38803927649768,
            63.50796381196248,
            32.41906908234748,
            85.15756518896698,
            111.47132296190337,
            48.587156361473525,
            93.28319523583832,
            29.024193048913396,
            70.4128681251268,
            95.86917584559365,
            78.87180851479484,
            98.54923224894242,
            15.219415465552952,
            63.04878023013649,
            92.0226558938517,
            0.0,
            71.70827226952278
        ],
        [
            0.0,
            57.49776128775108,
            74.05128168263452,
            71.56608755263179,
            78.05776785811953,
            66.65428826843237,
            39.29812342731257,
            51.479640890678205,
            66.71513029584244,
            23.131001734211225,
            32.791360243260534,
            56.40734185675173,
            11.553647952532721,
            42.806228505746525,
            28.315255307393603,
            42.147724429421906,
            61.22130547260765,
            12.844155117782455,
            40.70414235966401,
            71.70827226952278,
            0.0
        ]
    ],
    "scores_ave": [
        0,
        19.83757931058429,
        10.267851012611251,
        15.78471433472604,
        18.03203481356345,
        19.232409141045096,
        12.777497524015587,
        12.734680808833332,
        10.307032139146136,
        11.377716730633857,
        18.788328880920552,
        14.720977099110321,
        15.388476145085491,
        14.880731016932597,
        11.719853024059075,
        11.84816937213829,
        11.47444797606938,
        17.022824686085265,
        16.96754195691156,
        18.75293102116878,
        0
    ],
    "scores_var": [
        0,
        354.92313278605536,
        319.08248147708593,
        17.990967469950842,
        353.1485523136764,
        20.205740156301577,
        24.975635915344107,
        20.536096902214346,
        19.65505363525745,
        286.23894425022195,
        22.046759761807618,
        339.61957498155385,
        252.36556311640658,
        24.46989966321695,
        19.750484158030407,
        254.94452902809869,
        263.46142459764303,
        23.63687873009527,
        393.087608652581,
        17.066060513567855,
        0
    ],
    "vertex_number": 21,
    "minimum_distances": {
        "cost": 353.25959800636593,
        "path": [
            0,
            10,
            15,
            13,
            18,
            8,
            7,
            1,
            4,
            2,
            5,
            11,
            3,
            19,
            16,
            6,
            9,
            17,
            14,
            12,
            20
        ]
    }
}