{
    "vertices": [
        [
            61.246716886704,
            1.5680183680402693
        ],
        [
            73.43323030558969,
            40.37375683611827
        ],
        [
            53.146051501659784,
            99.95690965187752
        ],
        [
            76.10890873047758,
            30.045589168993246
        ],
        [
            99.52463002670756,
            65.79849904651715
        ],
        [
            90.44957069027444,
            85.13287742456117
        ],
        [
            61.77588708964955,
            38.632724058926826
        ],
        [
            17.993551500589057,
            55.468138170981895
        ],
        [
            3.6279351750298616,
            29.41378051108665
        ],
        [
            6.74959506448679,
            77.20228437808034
        ],
        [
            73.05197994650722,
            16.68981558532282
        ],
        [
            18.481250254311522,
            60.37915776928982
        ],
        [
            75.66469882606575,
            14.422690307447017
        ],
        [
            93.70075232607708,
            87.55688058165411
        ],
        [
            73.65578204391471,
            18.27154108297281
        ],
        [
            61.246716886704,
            1.5680183680402693
        ]
    ],
    "distances": [
        [
            0.0,
            40.674272548646144,
            98.72180462158904,
            32.122527688904235,
            74.77133998091682,
            88.5205757968672,
            37.068482961347684,
            69.109038704717,
            63.99461286127661,
            93.22273586300224,
            19.184185856891833,
            72.7161278806805,
            19.31633489752993,
            91.9094600195864,
            20.808473494328418,
            0.0
        ],
        [
            40.674272548646144,
            0.0,
            62.94220939313096,
            10.66912847395031,
            36.430463294781035,
            47.884597898888394,
            11.786638451461913,
            57.45779611057072,
            70.66045789060395,
            76.17773723258995,
            23.687009625687892,
            58.48022040017475,
            26.04682909172241,
            51.35191929458421,
            22.10333618426917,
            40.674272548646144
        ],
        [
            98.72180462158904,
            62.94220939313096,
            0.0,
            73.5859058772237,
            57.60008299549939,
            40.14105722738074,
            61.92842482184087,
            56.700520669607876,
            86.18803231024567,
            51.6759532207914,
            85.6134039829036,
            52.612231368740034,
            88.44881093707323,
            42.40807092877933,
            84.22083165793194,
            98.72180462158904
        ],
        [
            32.122527688904235,
            10.66912847395031,
            73.5859058772237,
            0.0,
            42.73835009137653,
            56.9233160734439,
            16.70851264997454,
            63.43264730181195,
            72.48372720635795,
            83.87173716610401,
            13.701149645505494,
            65.12351653185301,
            15.629212752959761,
            60.14167939993058,
            12.026888162457004,
            32.122527688904235
        ],
        [
            74.77133998091682,
            36.430463294781035,
            57.60008299549939,
            42.73835009137653,
            0.0,
            21.358251080675075,
            46.50749320275685,
            82.18292475600325,
            102.5671673898538,
            93.47327656677955,
            55.78946131269339,
            81.22437235714334,
            56.6460063949161,
            22.524313940728362,
            54.111080466253455,
            74.77133998091682
        ],
        [
            88.5205757968672,
            47.884597898888394,
            40.14105722738074,
            56.9233160734439,
            21.358251080675075,
            0.0,
            54.63006859098989,
            78.29349571834753,
            103.16304645751377,
            84.07484894917349,
            70.61960689226059,
            76.10641092014001,
            72.23934522251962,
            4.055363526809509,
            68.93815804387005,
            88.5205757968672
        ],
        [
            37.068482961347684,
            11.786638451461913,
            61.92842482184087,
            16.70851264997454,
            46.50749320275685,
            54.63006859098989,
            0.0,
            46.90761215365259,
            58.874215340870464,
            67.19749844489236,
            24.670660761265374,
            48.44928232515957,
            27.91101620682063,
            58.4189191257796,
            23.573495207640605,
            37.068482961347684
        ],
        [
            69.109038704717,
            57.45779611057072,
            56.700520669607876,
            63.43264730181195,
            82.18292475600325,
            78.29349571834753,
            46.90761215365259,
            0.0,
            29.752318993364447,
            24.470383480617894,
            67.34381074376269,
            4.935176143700138,
            70.78622764461316,
            82.22692774468257,
            66.94677545622359,
            69.109038704717
        ],
        [
            63.99461286127661,
            70.66045789060395,
            86.18803231024567,
            72.48372720635795,
            102.5671673898538,
            103.16304645751377,
            58.874215340870464,
            29.752318993364447,
            0.0,
            47.89035249725267,
            70.5804312530333,
            34.343493671833414,
            73.58007952434453,
            107.20882648057486,
            70.90873596790033,
            63.99461286127661
        ],
        [
            93.22273586300224,
            76.17773723258995,
            51.6759532207914,
            83.87173716610401,
            93.47327656677955,
            84.07484894917349,
            67.19749844489236,
            24.470383480617894,
            47.89035249725267,
            0.0,
            89.76505511855949,
            20.50973725790599,
            93.22322113155441,
            87.56552638835028,
            89.15868079688052,
            93.22273586300224
        ],
        [
            19.184185856891833,
            23.687009625687892,
            85.6134039829036,
            13.701149645505494,
            55.78946131269339,
            70.61960689226059,
            24.670660761265374,
            67.34381074376269,
            70.5804312530333,
            89.76505511855949,
            0.0,
            69.90510109860688,
            3.4592133454276865,
            73.8140413605537,
            1.6930541995901378,
            19.184185856891833
        ],
        [
            72.7161278806805,
            58.48022040017475,
            52.612231368740034,
            65.12351653185301,
            81.22437235714334,
            76.10641092014001,
            48.44928232515957,
            4.935176143700138,
            34.343493671833414,
            20.50973725790599,
            69.90510109860688,
            0.0,
            73.36173179614748,
            79.97876036292416,
            69.40663038358609,
            72.7161278806805
        ],
        [
            19.31633489752993,
            26.04682909172241,
            88.44881093707323,
            15.629212752959761,
            56.6460063949161,
            72.23934522251962,
            27.91101620682063,
            70.78622764461316,
            73.58007952434453,
            93.22322113155441,
            3.4592133454276865,
            73.36173179614748,
            0.0,
            75.32535438296458,
            4.341589447411347,
            19.31633489752993
        ],
        [
            91.9094600195864,
            51.35191929458421,
            42.40807092877933,
            60.14167939993058,
            22.524313940728362,
            4.055363526809509,
            58.4189191257796,
            82.22692774468257,
            107.20882648057486,
            87.56552638835028,
            73.8140413605537,
            79.97876036292416,
            75.32535438296458,
            0.0,
            72.12668786974972,
            91.9094600195864
        ],
        [
            20.808473494328418,
            22.10333618426917,
            84.22083165793194,
            12.026888162457004,
            54.111080466253455,
            68.93815804387005,
            23.573495207640605,
            66.94677545622359,
            70.90873596790033,
            89.15868079688052,
            1.6930541995901378,
            69.40663038358609,
            4.341589447411347,
            72.12668786974972,
            0.0,
            20.808473494328418
        ],
        [
            0.0,
            40.674272548646144,
            98.72180462158904,
            32.122527688904235,
            74.77133998091682,
            88.5205757968672,
            37.068482961347684,
            69.109038704717,
            63.99461286127661,
            93.22273586300224,
            19.184185856891833,
            72.7161278806805,
            19.31633489752993,
            91.9094600195864,
            20.808473494328418,
            0.0
        ]
    ],
    "scores_ave": [
        0,
        11.160480202847955,
        16.572649685165807,
        15.698904009581685,
        14.854776283386759,
        10.567195176877355,
        18.398614361447194,
        18.2951127791547,
        15.664149440391759,
        16.136904981032227,
        12.142350074863138,
        10.020428959792213,
        16.115115750759472,
        17.174507982197994,
        10.438344771456965,
        0
    ],
    "scores_var": [
        0,
        234.6083010174524,
        17.244154448764434,
        307.7834732073362,
        19.430929346840195,
        250.1438643744556,
        18.829779444187697,
        226.19920072140806,
        22.997095019444423,
        287.9476852547639,
        276.9285524483235,
        338.40530796332007,
        18.22914808570649,
        291.8879065723749,
        22.274656529877916,
        0
    ],
    "vertex_number": 16,
    "minimum_distances": {
        "cost": 339.00963817317944,
        "path": [
            0,
            12,
            10,
            14,
            3,
            6,
            1,
            4,
            13,
            5,
            2,
            9,
            11,
            7,
            8,
            15
        ]
    }
}