{
    "vertices": [
        [
            19.874953007545226,
            96.6254280749968
        ],
        [
            6.918755413131084,
            14.402577581664655
        ],
        [
            90.846338104017,
            47.87092907597569
        ],
        [
            43.75298563744489,
            26.233218504689127
        ],
        [
            37.831060506932005,
            77.61838305274124
        ],
        [
            43.28825376481912,
            84.33243138333201
        ],
        [
            30.024680262880143,
            18.596140226970203
        ],
        [
            19.874953007545226,
            96.6254280749968
        ]
    ],
    "distances": [
        [
            0.0,
            83.23737261203259,
            86.10423145907085,
            74.33184788813385,
            26.14745794542147,
            26.444288986695103,
            78.68663625691391,
            0.0
        ],
        [
            83.23737261203259,
            0.0,
            90.35468824627887,
            38.68752487388271,
            70.36908886413995,
            78.8221089737899,
            23.48339265997043,
            83.23737261203259
        ],
        [
            86.10423145907085,
            90.35468824627887,
            0.0,
            51.82638676685419,
            60.79087659176964,
            59.92672639585454,
            67.50027647867955,
            86.10423145907085
        ],
        [
            74.33184788813385,
            38.68752487388271,
            51.82638676685419,
            0.0,
            51.7252775041545,
            58.10107152911465,
            15.709593663660097,
            74.33184788813385
        ],
        [
            26.14745794542147,
            70.36908886413995,
            60.79087659176964,
            51.7252775041545,
            0.0,
            8.652132872271281,
            59.536247116349244,
            26.14745794542147
        ],
        [
            26.444288986695103,
            78.8221089737899,
            59.92672639585454,
            58.10107152911465,
            8.652132872271281,
            0.0,
            67.06103456579916,
            26.444288986695103
        ],
        [
            78.68663625691391,
            23.48339265997043,
            67.50027647867955,
            15.709593663660097,
            59.536247116349244,
            67.06103456579916,
            0.0,
            78.68663625691391
        ],
        [
            0.0,
            83.23737261203259,
            86.10423145907085,
            74.33184788813385,
            26.14745794542147,
            26.444288986695103,
            78.68663625691391,
            0.0
        ]
    ],
    "scores_ave": [
        0,
        16.02245929453828,
        14.213622556265303,
        16.284164850377152,
        13.722134985866834,
        19.488564810044053,
        10.572356424141923,
        0
    ],
    "scores_var": [
        0,
        20.454405179455343,
        337.18548939002505,
        21.447831731980443,
        17.147699206489442,
        380.02574072862694,
        23.519885430439626,
        0
    ],
    "vertex_number": 8,
    "minimum_distances": {
        "cost": 268.98306291606457,
        "path": [
            0,
            4,
            5,
            2,
            3,
            6,
            1,
            7
        ]
    }
}