{
    "vertices": [
        [
            86.21244625408856,
            2.48682554534867
        ],
        [
            43.863038912331135,
            11.085528784752563
        ],
        [
            64.32362117736938,
            26.34237230662395
        ],
        [
            87.31311518154243,
            42.59620322754777
        ],
        [
            69.55433678294993,
            22.569617466738368
        ],
        [
            7.298558164781587,
            37.07473573486062
        ],
        [
            93.82667564980784,
            46.15140224490821
        ],
        [
            46.65004304455312,
            24.47018836338811
        ],
        [
            42.684007880188055,
            99.64482467373735
        ],
        [
            40.08986736908676,
            3.7341331387758636
        ],
        [
            99.63355456173826,
            55.541036966784205
        ],
        [
            93.39467313215688,
            90.97288220234647
        ],
        [
            45.4432350027635,
            3.4161960694592652
        ],
        [
            12.514635236230365,
            42.710950457702445
        ],
        [
            80.59593770003546,
            23.851540282122052
        ],
        [
            86.21244625408856,
            2.48682554534867
        ]
    ],
    "distances": [
        [
            0.0,
            43.2135395402579,
            32.376037041593,
            40.12447694539024,
            26.092357933124287,
            86.16104261584472,
            44.32348979539352,
            45.25982753506048,
            106.46314734170895,
            46.13944147078327,
            54.72545566512941,
            88.77706125815087,
            40.77980279042869,
            83.96039288729288,
            22.09063611853342,
            0.0
        ],
        [
            43.2135395402579,
            0.0,
            25.522670331986546,
            53.673380102617955,
            28.141198964020287,
            44.859782993606494,
            61.040809935306235,
            13.671741076724016,
            88.56714403506253,
            8.263161709565795,
            71.3207026292047,
            93.99665964572445,
            7.830433192492341,
            44.529649774410494,
            38.88800461451706,
            43.2135395402579
        ],
        [
            32.376037041593,
            25.522670331986546,
            0.0,
            28.154996966327097,
            6.449346077575932,
            58.02621335521869,
            35.5362897655272,
            17.77246287755501,
            76.42985271923841,
            33.142228378777915,
            45.8187015698291,
            70.86768566235983,
            29.69980705256826,
            54.333243736566146,
            16.461850721839145,
            32.376037041593
        ],
        [
            40.12447694539024,
            53.673380102617955,
            28.154996966327097,
            0.0,
            26.766365973836816,
            80.20483737195202,
            7.420640809713847,
            44.52008367550237,
            72.43136356183311,
            61.157956355172786,
            17.870700799284688,
            48.757444721164504,
            57.342478382898406,
            74.79856796126568,
            19.911877416649595,
            40.12447694539024
        ],
        [
            26.092357933124287,
            28.141198964020287,
            6.449346077575932,
            26.766365973836816,
            0.0,
            63.92323855474314,
            33.84149830299338,
            22.983012017313033,
            81.62476426516912,
            34.970422183745505,
            44.630413912844,
            72.43872074887163,
            30.792836509101566,
            60.4913286942165,
            11.11576704131502,
            26.092357933124287
        ],
        [
            86.16104261584472,
            44.859782993606494,
            58.02621335521869,
            80.20483737195202,
            63.92323855474314,
            0.0,
            87.00287920774304,
            41.320866117284886,
            71.88286361421964,
            46.763936327071555,
            94.16345278723665,
            101.57534742793678,
            50.87154080113428,
            7.6794776135667355,
            74.48059307441355,
            86.16104261584472
        ],
        [
            44.32348979539352,
            61.040809935306235,
            35.5362897655272,
            7.420640809713847,
            33.84149830299338,
            87.00287920774304,
            0.0,
            51.9202243768977,
            74.00755846359793,
            68.46071342471552,
            11.040157739275356,
            44.82356179232409,
            64.55428084723887,
            81.38479357176834,
            25.929447935790378,
            44.32348979539352
        ],
        [
            45.25982753506048,
            13.671741076724016,
            17.77246287755501,
            44.52008367550237,
            22.983012017313033,
            41.320866117284886,
            51.9202243768977,
            0.0,
            75.27918290814704,
            21.74902046463586,
            61.42190265391371,
            81.28756811385821,
            21.08855085496733,
            38.70337799239075,
            33.95153147369878,
            45.25982753506048
        ],
        [
            106.46314734170895,
            88.56714403506253,
            76.42985271923841,
            72.43136356183311,
            81.62476426516912,
            71.88286361421964,
            74.00755846359793,
            75.27918290814704,
            0.0,
            95.94576757578143,
            72.03051407101061,
            51.44680900235068,
            96.26817904881158,
            64.43335377719575,
            84.74630600523724,
            106.46314734170895
        ],
        [
            46.13944147078327,
            8.263161709565795,
            33.142228378777915,
            61.157956355172786,
            34.970422183745505,
            46.763936327071555,
            68.46071342471552,
            21.74902046463586,
            95.94576757578143,
            0.0,
            78.92658594377966,
            102.23503145016035,
            5.36280048121719,
            47.745007231059155,
            45.22667137682055,
            46.13944147078327
        ],
        [
            54.72545566512941,
            71.3207026292047,
            45.8187015698291,
            17.870700799284688,
            44.630413912844,
            94.16345278723665,
            11.040157739275356,
            61.42190265391371,
            72.03051407101061,
            78.92658594377966,
            0.0,
            35.97692730472145,
            75.19035691147663,
            88.05860108061492,
            36.96829798489787,
            54.72545566512941
        ],
        [
            88.77706125815087,
            93.99665964572445,
            70.86768566235983,
            48.757444721164504,
            72.43872074887163,
            101.57534742793678,
            44.82356179232409,
            81.28756811385821,
            51.44680900235068,
            102.23503145016035,
            35.97692730472145,
            0.0,
            99.82741960628834,
            94.18489574114943,
            68.33068249207757,
            88.77706125815087
        ],
        [
            40.77980279042869,
            7.830433192492341,
            29.69980705256826,
            57.342478382898406,
            30.792836509101566,
            50.87154080113428,
            64.55428084723887,
            21.08855085496733,
            96.26817904881158,
            5.36280048121719,
            75.19035691147663,
            99.82741960628834,
            0.0,
            51.267635063623544,
            40.66098621544738,
            40.77980279042869
        ],
        [
            83.96039288729288,
            44.529649774410494,
            54.333243736566146,
            74.79856796126568,
            60.4913286942165,
            7.6794776135667355,
            81.38479357176834,
            38.70337799239075,
            64.43335377719575,
            47.745007231059155,
            88.05860108061492,
            94.18489574114943,
            51.267635063623544,
            0.0,
            70.6451774528092,
            83.96039288729288
        ],
        [
            22.09063611853342,
            38.88800461451706,
            16.461850721839145,
            19.911877416649595,
            11.11576704131502,
            74.48059307441355,
            25.929447935790378,
            33.95153147369878,
            84.74630600523724,
            45.22667137682055,
            36.96829798489787,
            68.33068249207757,
            40.66098621544738,
            70.6451774528092,
            0.0,
            22.09063611853342
        ],
        [
            0.0,
            43.2135395402579,
            32.376037041593,
            40.12447694539024,
            26.092357933124287,
            86.16104261584472,
            44.32348979539352,
            45.25982753506048,
            106.46314734170895,
            46.13944147078327,
            54.72545566512941,
            88.77706125815087,
            40.77980279042869,
            83.96039288729288,
            22.09063611853342,
            0.0
        ]
    ],
    "scores_ave": [
        0,
        13.11595356338494,
        10.1820560487055,
        11.144085174708902,
        14.836424494981845,
        17.57234083807941,
        15.933218856542354,
        19.47870718518141,
        11.572162311242804,
        19.818105739671395,
        19.57596671725652,
        15.841817309002439,
        13.385476744620934,
        17.97138852362909,
        12.449053090797543,
        0
    ],
    "scores_var": [
        0,
        356.9192152274472,
        292.2948517081296,
        19.70000951783493,
        17.2015867839073,
        239.68153080326672,
        293.9528279134369,
        351.3123169940546,
        16.264589513961038,
        344.93582299301835,
        346.5505483237996,
        23.823682900374592,
        23.56522479668417,
        373.23927530104316,
        23.734848565751474,
        0
    ],
    "vertex_number": 16,
    "minimum_distances": {
        "cost": 343.94295774776714,
        "path": [
            0,
            14,
            3,
            6,
            10,
            11,
            8,
            13,
            5,
            9,
            12,
            1,
            7,
            2,
            4,
            15
        ]
    }
}