{
    "vertices": [
        [
            22.4968937018571,
            44.17005097566935
        ],
        [
            39.34860010675953,
            84.87886395804665
        ],
        [
            71.05309970938517,
            49.05799539653807
        ],
        [
            40.35416688962334,
            56.43989079788712
        ],
        [
            15.929838494576076,
            53.70794385500632
        ],
        [
            46.41658031862956,
            73.29779363514682
        ],
        [
            8.21246993176975,
            32.843010357739345
        ],
        [
            56.52803219330621,
            53.822670965157386
        ],
        [
            71.88208534769636,
            62.98899001458905
        ],
        [
            94.74263482186622,
            45.905892279158714
        ],
        [
            48.434985773165806,
            83.22858819671191
        ],
        [
            63.63173578799825,
            3.735782267668375
        ],
        [
            4.103776380627211,
            91.32566769109339
        ],
        [
            52.713422339257555,
            21.845045394931418
        ],
        [
            79.0985578095805,
            46.149242724789595
        ],
        [
            69.04011281271866,
            49.954322178929125
        ],
        [
            57.20384750040889,
            72.05205486265362
        ],
        [
            88.40799154839843,
            75.8992972841168
        ],
        [
            41.44801314422265,
            50.80726680921429
        ],
        [
            18.823698126700705,
            77.11883051657014
        ],
        [
            91.71678483518721,
            5.281481138989719
        ],
        [
            95.63288941678924,
            16.33363389350766
        ],
        [
            22.4968937018571,
            44.17005097566935
        ]
    ],
    "distances": [
        [
            0.0,
            44.058909010451,
            48.80161004011042,
            21.666360445755444,
            11.58005244690989,
            37.690539930881165,
            18.23037606862987,
            35.37359834234642,
            52.8493105011489,
            72.26659155522886,
            46.88660736444102,
            57.6801986768648,
            50.61579746091635,
            37.56919585344916,
            56.63625675963524,
            46.90126905057611,
            44.51942028742754,
            73.15065201786291,
            20.079779932555667,
            33.1528948806621,
            79.39593309768694,
            78.25432885909018,
            0.0
        ],
        [
            44.058909010451,
            0.0,
            47.83628245959089,
            28.456745403490423,
            38.988006559946115,
            13.567517610061822,
            60.639827359471624,
            35.49112579262391,
            39.21216958015354,
            67.73028571844243,
            9.235031920200516,
            84.6987035598825,
            35.829581044976855,
            64.43508947734925,
            55.498132385221865,
            45.840043032805475,
            21.984924176764398,
            49.874407327561336,
            34.136216359962795,
            21.942874021054223,
            95.27943179613439,
            88.69255767952409,
            44.058909010451
        ],
        [
            48.80161004011042,
            47.83628245959089,
            0.0,
            31.5739901816148,
            55.31903784071527,
            34.561914101211705,
            64.89892518875634,
            15.28658626446238,
            13.955637865633074,
            23.898322700726624,
            40.97814649721352,
            45.92580587591634,
            79.17555187921643,
            32.81597802641747,
            8.55512934720467,
            2.2035239837547826,
            26.842663010198752,
            31.963225083898944,
            29.65672100900523,
            59.290141316402234,
            48.40837823682618,
            40.92737345397608,
            48.80161004011042
        ],
        [
            21.666360445755444,
            28.456745403490423,
            31.5739901816148,
            0.0,
            24.57664239980368,
            17.914847045249466,
            39.87356831081366,
            16.384253370676074,
            32.20093698712985,
            55.39919285340883,
            27.98095677696563,
            57.61569464810493,
            50.31012066669371,
            36.736283477288744,
            40.08771963485581,
            29.409965892771137,
            22.97066397539847,
            51.84436869258433,
            5.73785261456527,
            29.852631928192093,
            72.49345764308339,
            68.29530735793993,
            21.666360445755444
        ],
        [
            11.58005244690989,
            38.988006559946115,
            55.31903784071527,
            24.57664239980368,
            0.0,
            36.23815173894722,
            22.246420552070056,
            40.59835580302994,
            56.71676776517518,
            79.19803579457704,
            43.90960079472693,
            69.0846432943184,
            39.43284026964187,
            48.664939522573704,
            63.6193450349322,
            53.24275456656495,
            45.16691519325241,
            75.79933269567083,
            25.682506979924096,
            23.589066065680246,
            89.9376646729301,
            88.03076377839217,
            11.58005244690989
        ],
        [
            37.690539930881165,
            13.567517610061822,
            34.561914101211705,
            17.914847045249466,
            36.23815173894722,
            0.0,
            55.64300082196661,
            21.943606404259036,
            27.472957221104743,
            55.54929165836395,
            10.1338364503732,
            71.66055402607306,
            45.993234503271225,
            51.83662335553634,
            42.487121216331914,
            32.50756653670581,
            10.858959358077835,
            42.071919831440574,
            23.032812608854016,
            27.856192677874375,
            81.7210333685083,
            75.280545802462,
            37.690539930881165
        ],
        [
            18.23037606862987,
            60.639827359471624,
            64.89892518875634,
            39.87356831081366,
            22.246420552070056,
            55.64300082196661,
            0.0,
            52.673899759281674,
            70.4457239063039,
            87.51061832715062,
            64.47136755784322,
            62.59812900663047,
            58.626807617912384,
            45.839829826218214,
            72.12415181079528,
            63.18859968929715,
            62.749535831441065,
            91.02288465682518,
            37.77983380695557,
            45.529621287048116,
            87.93525175016615,
            88.96566334364344,
            18.23037606862987
        ],
        [
            35.37359834234642,
            35.49112579262391,
            15.28658626446238,
            16.384253370676074,
            40.59835580302994,
            21.943606404259036,
            52.673899759281674,
            0.0,
            17.88206792246948,
            39.02603283478643,
            30.499268328725247,
            50.58813125779498,
            64.45756248058697,
            32.20434420149205,
            23.839256019325934,
            13.096422555743622,
            18.24190679758038,
            38.77768995323604,
            15.378544688766944,
            44.32073845561543,
            59.954110970237316,
            54.1721123736976,
            35.37359834234642
        ],
        [
            52.8493105011489,
            39.21216958015354,
            13.955637865633074,
            32.20093698712985,
            56.71676776517518,
            27.472957221104743,
            70.4457239063039,
            17.88206792246948,
            0.0,
            28.538341761553575,
            30.97430891935673,
            59.82483511182418,
            73.46336820604937,
            45.390107076284195,
            18.320877805865095,
            13.340891030045741,
            17.25079159754027,
            20.970970639148398,
            32.78150593152513,
            54.90760281695551,
            61.021077378119486,
            52.352869536572356,
            52.8493105011489
        ],
        [
            72.26659155522886,
            67.73028571844243,
            23.898322700726624,
            55.39919285340883,
            79.19803579457704,
            55.54929165836395,
            87.51061832715062,
            39.02603283478643,
            28.538341761553575,
            0.0,
            59.47589420069064,
            52.40425762356265,
            101.38224034810807,
            48.42911370957039,
            15.645969608998838,
            26.01940472578244,
            45.7469383828924,
            30.65504932622904,
            53.51953075324029,
            82.0849100769259,
            40.73694329018038,
            29.58565563362574,
            72.26659155522886
        ],
        [
            46.88660736444102,
            9.235031920200516,
            40.97814649721352,
            27.98095677696563,
            43.90960079472693,
            10.1338364503732,
            64.47136755784322,
            30.499268328725247,
            30.97430891935673,
            59.47589420069064,
            0.0,
            80.93236315273322,
            45.064607205027706,
            61.53246579122349,
            48.115823911251475,
            39.13755280211432,
            14.205908396115495,
            40.63938601883928,
            33.16564287073313,
            30.235037539115908,
            89.1575326526772,
            81.86926785785096,
            46.88660736444102
        ],
        [
            57.6801986768648,
            84.6987035598825,
            45.92580587591634,
            57.61569464810493,
            69.0846432943184,
            71.66055402607306,
            62.59812900663047,
            50.58813125779498,
            59.82483511182418,
            52.40425762356265,
            80.93236315273322,
            0.0,
            105.90356924907836,
            21.146039335473695,
            45.145589058014146,
            46.53390133623363,
            68.61800674101559,
            76.29833385490106,
            52.036931186235016,
            85.98157947698394,
            28.12755170617972,
            34.391564360467,
            57.6801986768648
        ],
        [
            50.61579746091635,
            35.829581044976855,
            79.17555187921643,
            50.31012066669371,
            39.43284026964187,
            45.993234503271225,
            58.626807617912384,
            64.45756248058697,
            73.46336820604937,
            101.38224034810807,
            45.064607205027706,
            105.90356924907836,
            0.0,
            84.79654801278946,
            87.55070881673406,
            76.99555843494248,
            56.48973096401213,
            85.7039882326786,
            55.10292940924406,
            20.457524745529284,
            122.79919091700897,
            118.32744257476692,
            50.61579746091635
        ],
        [
            37.56919585344916,
            64.43508947734925,
            32.81597802641747,
            36.736283477288744,
            48.664939522573704,
            51.83662335553634,
            45.839829826218214,
            32.20434420149205,
            45.390107076284195,
            48.42911370957039,
            61.53246579122349,
            21.146039335473695,
            84.79654801278946,
            0.0,
            35.872961707057016,
            32.506803336157155,
            50.40741728971886,
            64.77626431283028,
            31.076031174870486,
            64.83598328764863,
            42.374685212395406,
            43.27188822962724,
            37.56919585344916
        ],
        [
            56.63625675963524,
            55.498132385221865,
            8.55512934720467,
            40.08771963485581,
            63.6193450349322,
            42.487121216331914,
            72.12415181079528,
            23.839256019325934,
            18.320877805865095,
            15.645969608998838,
            48.115823911251475,
            45.145589058014146,
            87.55070881673406,
            35.872961707057016,
            0.0,
            10.754112953061712,
            33.91657435785668,
            31.172605005363074,
            37.93758956456231,
            67.76558180805098,
            42.77141089914537,
            34.09332268461318,
            56.63625675963524
        ],
        [
            46.90126905057611,
            45.840043032805475,
            2.2035239837547826,
            29.409965892771137,
            53.24275456656495,
            32.50756653670581,
            63.18859968929715,
            13.096422555743622,
            13.340891030045741,
            26.01940472578244,
            39.13755280211432,
            46.53390133623363,
            76.99555843494248,
            32.506803336157155,
            10.754112953061712,
            0.0,
            25.0680467189754,
            32.376788907005654,
            27.605279905455586,
            57.09289638075728,
            50.09884410437333,
            42.86637899682547,
            46.90126905057611
        ],
        [
            44.51942028742754,
            21.984924176764398,
            26.842663010198752,
            22.97066397539847,
            45.16691519325241,
            10.858959358077835,
            62.749535831441065,
            18.24190679758038,
            17.25079159754027,
            45.7469383828924,
            14.205908396115495,
            68.61800674101559,
            56.48973096401213,
            50.40741728971886,
            33.91657435785668,
            25.0680467189754,
            0.0,
            31.44041793642678,
            26.44971333861933,
            38.71315127285912,
            75.1628389489219,
            67.68555014111861,
            44.51942028742754
        ],
        [
            73.15065201786291,
            49.874407327561336,
            31.963225083898944,
            51.84436869258433,
            75.79933269567083,
            42.071919831440574,
            91.02288465682518,
            38.77768995323604,
            20.970970639148398,
            30.65504932622904,
            40.63938601883928,
            76.29833385490106,
            85.7039882326786,
            64.77626431283028,
            31.172605005363074,
            32.376788907005654,
            31.44041793642678,
            0.0,
            53.24330535451468,
            69.59497936131588,
            70.69529029660794,
            60.0022283283882,
            73.15065201786291
        ],
        [
            20.079779932555667,
            34.136216359962795,
            29.65672100900523,
            5.73785261456527,
            25.682506979924096,
            23.032812608854016,
            37.77983380695557,
            15.378544688766944,
            32.78150593152513,
            53.51953075324029,
            33.16564287073313,
            52.036931186235016,
            55.10292940924406,
            31.076031174870486,
            37.93758956456231,
            27.605279905455586,
            26.44971333861933,
            53.24330535451468,
            0.0,
            34.70098002561764,
            67.81995700536491,
            64.22174229246853,
            20.079779932555667
        ],
        [
            33.1528948806621,
            21.942874021054223,
            59.290141316402234,
            29.852631928192093,
            23.589066065680246,
            27.856192677874375,
            45.529621287048116,
            44.32073845561543,
            54.90760281695551,
            82.0849100769259,
            30.235037539115908,
            85.98157947698394,
            20.457524745529284,
            64.83598328764863,
            67.76558180805098,
            57.09289638075728,
            38.71315127285912,
            69.59497936131588,
            34.70098002561764,
            0.0,
            102.34259550884708,
            97.9514777588464,
            33.1528948806621
        ],
        [
            79.39593309768694,
            95.27943179613439,
            48.40837823682618,
            72.49345764308339,
            89.9376646729301,
            81.7210333685083,
            87.93525175016615,
            59.954110970237316,
            61.021077378119486,
            40.73694329018038,
            89.1575326526772,
            28.12755170617972,
            122.79919091700897,
            42.374685212395406,
            42.77141089914537,
            50.09884410437333,
            75.1628389489219,
            70.69529029660794,
            67.81995700536491,
            102.34259550884708,
            0.0,
            11.72544052917599,
            79.39593309768694
        ],
        [
            78.25432885909018,
            88.69255767952409,
            40.92737345397608,
            68.29530735793993,
            88.03076377839217,
            75.280545802462,
            88.96566334364344,
            54.1721123736976,
            52.352869536572356,
            29.58565563362574,
            81.86926785785096,
            34.391564360467,
            118.32744257476692,
            43.27188822962724,
            34.09332268461318,
            42.86637899682547,
            67.68555014111861,
            60.0022283283882,
            64.22174229246853,
            97.9514777588464,
            11.72544052917599,
            0.0,
            78.25432885909018
        ],
        [
            0.0,
            44.058909010451,
            48.80161004011042,
            21.666360445755444,
            11.58005244690989,
            37.690539930881165,
            18.23037606862987,
            35.37359834234642,
            52.8493105011489,
            72.26659155522886,
            46.88660736444102,
            57.6801986768648,
            50.61579746091635,
            37.56919585344916,
            56.63625675963524,
            46.90126905057611,
            44.51942028742754,
            73.15065201786291,
            20.079779932555667,
            33.1528948806621,
            79.39593309768694,
            78.25432885909018,
            0.0
        ]
    ],
    "scores_ave": [
        0,
        12.043235468014817,
        19.031526306135152,
        12.933685049997058,
        14.904310786429608,
        12.701217570235185,
        10.311724357952464,
        12.041287589748897,
        14.138196955953504,
        16.28017256858799,
        10.09777123777435,
        13.216737062221492,
        12.108553164578044,
        19.48620247795226,
        19.253157802175142,
        18.63648299659762,
        17.173491689452078,
        14.815932978995347,
        16.957462673813403,
        18.18931678910346,
        10.542866560407834,
        16.78733468271541,
        0
    ],
    "scores_var": [
        0,
        278.0964211504783,
        299.1127533906663,
        364.0640316200109,
        236.53158903108906,
        16.117933122677734,
        22.46828506252918,
        16.44469215307638,
        275.41597357181365,
        18.647281950377145,
        281.1816265207288,
        294.6695861810558,
        24.48098606184888,
        19.228631814837353,
        241.25282516212195,
        22.033875936501875,
        333.10393413541044,
        226.43087494827253,
        18.65587313474298,
        371.9894478760413,
        23.88487707525308,
        18.73953448725119,
        0
    ],
    "vertex_number": 23,
    "minimum_distances": {
        "cost": 416.4873910840168,
        "path": [
            0,
            4,
            19,
            12,
            1,
            10,
            16,
            5,
            3,
            18,
            7,
            15,
            2,
            8,
            17,
            14,
            9,
            21,
            20,
            11,
            13,
            6,
            22
        ]
    }
}