{
    "vertices": [
        [
            9.852825271348365,
            95.54578420914281
        ],
        [
            63.4409364883728,
            30.95242767755081
        ],
        [
            12.458439694153501,
            59.31897962199538
        ],
        [
            82.10796058584012,
            92.64482275609157
        ],
        [
            86.5313108336144,
            77.23525761321042
        ],
        [
            65.47971875236968,
            0.18357370965489395
        ],
        [
            41.60888493895446,
            23.498933647293196
        ],
        [
            46.277969831763386,
            39.088723002447765
        ],
        [
            8.50309101026252,
            35.98272803319905
        ],
        [
            98.8517931851672,
            78.48330263199146
        ],
        [
            85.1082437411605,
            10.588753271118811
        ],
        [
            33.0209980446624,
            66.20229335597202
        ],
        [
            56.06235426234246,
            74.94946417022956
        ],
        [
            55.75633897851316,
            13.784597913054686
        ],
        [
            34.275810709967125,
            24.70324770098489
        ],
        [
            29.34413340520018,
            2.322408201821702
        ],
        [
            84.82975694798535,
            34.2574462486028
        ],
        [
            77.82675484219419,
            22.43806982757224
        ],
        [
            59.17861946106613,
            56.63788819378546
        ],
        [
            6.22540607237524,
            60.872304221459686
        ],
        [
            25.201425435562275,
            54.08061479143592
        ],
        [
            9.852825271348365,
            95.54578420914281
        ]
    ],
    "distances": [
        [
            0.0,
            83.92846580169055,
            36.32038817407788,
            72.3133470160772,
            78.83441844995743,
            110.40064524130977,
            78.73497317897586,
            67.18772891193483,
            59.578347103575986,
            90.6197802209627,
            113.49482417657163,
            37.38722622907786,
            50.591787561963685,
            93.76579416401002,
            74.93428585530573,
            95.23921947901049,
            96.83904508827243,
            99.82581331198665,
            62.82402681131045,
            34.86270764730331,
            44.21470119586971,
            0.0
        ],
        [
            83.92846580169055,
            0.0,
            58.342748037690626,
            64.45470812269795,
            51.72297105016862,
            30.836326104412834,
            23.069309658408624,
            18.993860220340324,
            55.16766070303105,
            59.271517999251394,
            29.734684106576285,
            46.56098887766311,
            44.61146372631587,
            18.809237563262897,
            29.82711538264697,
            44.52269079551771,
            21.64266130605335,
            16.716640191935582,
            26.036709246222294,
            64.56636843734276,
            44.689744290305576,
            83.92846580169055
        ],
        [
            36.32038817407788,
            58.342748037690626,
            0.0,
            77.21183575747877,
            76.2088135054055,
            79.42450670533943,
            46.18250915227449,
            39.40842424687206,
            23.66908155013112,
            88.49340542579833,
            87.47930605735382,
            21.684068204062505,
            46.32076654031654,
            62.833812553863595,
            40.91755826621292,
            59.44523366728606,
            76.58777980905603,
            75.05476755381994,
            46.79704529881189,
            6.423669157227757,
            13.777668587384063,
            36.32038817407788
        ],
        [
            72.3133470160772,
            64.45470812269795,
            77.21183575747877,
            0.0,
            16.03186593342093,
            93.9445634494065,
            80.13319604819472,
            64.43635664948376,
            92.88848046783752,
            21.929536756155624,
            82.11090206747687,
            55.75605126437104,
            31.488082257274126,
            83.14651540281211,
            83.09014491933848,
            104.60478014728496,
            58.45078195254738,
            70.33716570480776,
            42.68786737458837,
            82.26575845102563,
            68.74264963435013,
            72.3133470160772
        ],
        [
            78.83441844995743,
            51.72297105016862,
            76.2088135054055,
            16.03186593342093,
            0.0,
            79.87572548358207,
            70.04010894931007,
            55.45709661189822,
            88.261963979684,
            12.38353349185232,
            66.66169560527291,
            54.63588449977707,
            30.55457684547488,
            70.52010428996287,
            74.09621689796761,
            94.24599869046077,
            43.01148166847424,
            55.48424176486748,
            34.24063890061252,
            81.95599174692367,
            65.55526162820313,
            78.83441844995743
        ],
        [
            110.40064524130977,
            30.836326104412834,
            79.42450670533943,
            93.9445634494065,
            79.87572548358207,
            0.0,
            33.367989390571864,
            43.385686615570656,
            67.28978792613026,
            85.11488061002946,
            22.21591220143554,
            73.56656777178043,
            75.35665286025299,
            16.71920971840801,
            39.684988216702536,
            36.198827900464586,
            39.184853808228674,
            25.450184629307252,
            56.804871940283256,
            84.81860398705591,
            67.28470814297974,
            110.40064524130977
        ],
        [
            78.73497317897586,
            23.069309658408624,
            46.18250915227449,
            80.13319604819472,
            70.04010894931007,
            33.367989390571864,
            0.0,
            16.273963434712122,
            35.38133284542275,
            79.3727369890303,
            45.37473937719554,
            43.55833710919147,
            53.44211697316756,
            17.161549305319994,
            7.4313087668160795,
            24.47180745526226,
            44.539750455223334,
            36.23340354385703,
            37.508477436600415,
            51.466099568314206,
            34.70509975432241,
            78.73497317897586
        ],
        [
            67.18772891193483,
            18.993860220340324,
            39.40842424687206,
            64.43635664948376,
            55.45709661189822,
            43.385686615570656,
            16.273963434712122,
            0.0,
            37.902357113088264,
            65.69581269900972,
            48.16677741520054,
            30.18100393094141,
            37.17158774908597,
            27.021070079138436,
            18.734826479952133,
            40.47859582718173,
            38.853333511125406,
            35.67310032481584,
            21.780724500596563,
            45.59311652459329,
            25.86460019211136,
            67.18772891193483
        ],
        [
            59.578347103575986,
            55.16766070303105,
            23.66908155013112,
            92.88848046783752,
            88.261963979684,
            67.28978792613026,
            35.38133284542275,
            37.902357113088264,
            0.0,
            99.84581526492306,
            80.70441982408012,
            38.91464883106126,
            61.484063351844284,
            52.207532257135504,
            28.132894577066683,
            39.58997574207648,
            76.34616251263056,
            70.63446844841351,
            54.72334807947776,
            24.993576204847304,
            24.624538121416943,
            59.578347103575986
        ],
        [
            90.6197802209627,
            59.271517999251394,
            88.49340542579833,
            21.929536756155624,
            12.38353349185232,
            85.11488061002946,
            79.3727369890303,
            65.69581269900972,
            99.84581526492306,
            0.0,
            69.27160301476954,
            66.96653475930187,
            42.93511497136087,
            77.73763931060672,
            84.03779995346994,
            103.11060376358537,
            46.39551565702187,
            59.85917103857214,
            45.28998614837151,
            94.28570864444168,
            77.58780731207477,
            90.6197802209627
        ],
        [
            113.49482417657163,
            29.734684106576285,
            87.47930605735382,
            82.11090206747687,
            66.66169560527291,
            22.21591220143554,
            45.37473937719554,
            48.16677741520054,
            80.70441982408012,
            69.27160301476954,
            0.0,
            76.19676505611596,
            70.61136454604618,
            29.52537444590517,
            52.755617718698744,
            56.37347303799767,
            23.67033126418751,
            13.907781398943937,
            52.84759448104348,
            93.54644608351221,
            74.02951369556874,
            113.49482417657163
        ],
        [
            37.38722622907786,
            46.56098887766311,
            21.684068204062505,
            55.75605126437104,
            54.63588449977707,
            73.56656777178043,
            43.55833710919147,
            30.18100393094141,
            38.91464883106126,
            66.96653475930187,
            76.19676505611596,
            0.0,
            24.645833189483014,
            57.135895222923274,
            41.51801229707071,
            63.98561604676759,
            60.86559583061551,
            62.63276381609954,
            27.851373471884,
            27.32055148270839,
            14.42500630886943,
            37.38722622907786
        ],
        [
            50.591787561963685,
            44.61146372631587,
            46.32076654031654,
            31.488082257274126,
            30.55457684547488,
            75.35665286025299,
            53.44211697316756,
            37.17158774908597,
            61.484063351844284,
            42.93511497136087,
            70.61136454604618,
            24.645833189483014,
            0.0,
            61.16563176827349,
            54.766191664509066,
            77.3857388955438,
            49.83376144554941,
            56.84307933610137,
            18.57484652776063,
            51.786946589973105,
            37.254607801537354,
            50.591787561963685
        ],
        [
            93.76579416401002,
            18.809237563262897,
            62.833812553863595,
            83.14651540281211,
            70.52010428996287,
            16.71920971840801,
            17.161549305319994,
            27.021070079138436,
            52.207532257135504,
            77.73763931060672,
            29.52537444590517,
            57.135895222923274,
            61.16563176827349,
            0.0,
            24.09626543444593,
            28.792123857458673,
            35.558418854020815,
            23.706240371918263,
            42.98972541882348,
            68.34153495451314,
            50.57046289960167,
            93.76579416401002
        ],
        [
            74.93428585530573,
            29.82711538264697,
            40.91755826621292,
            83.09014491933848,
            74.09621689796761,
            39.684988216702536,
            7.4313087668160795,
            18.734826479952133,
            28.132894577066683,
            84.03779995346994,
            52.755617718698744,
            41.51801229707071,
            54.766191664509066,
            24.09626543444593,
            0.0,
            22.917753330674813,
            51.44885023130974,
            43.60981272152589,
            40.49655722525349,
            45.771452346565724,
            30.746937494252187,
            74.93428585530573
        ],
        [
            95.23921947901049,
            44.52269079551771,
            59.44523366728606,
            104.60478014728496,
            94.24599869046077,
            36.198827900464586,
            24.47180745526226,
            40.47859582718173,
            39.58997574207648,
            103.11060376358537,
            56.37347303799767,
            63.98561604676759,
            77.3857388955438,
            28.792123857458673,
            22.917753330674813,
            0.0,
            64.01953666640388,
            52.4900411892062,
            61.969895311958325,
            62.94891482305256,
            51.923732326315736,
            95.23921947901049
        ],
        [
            96.83904508827243,
            21.64266130605335,
            76.58777980905603,
            58.45078195254738,
            43.01148166847424,
            39.184853808228674,
            44.539750455223334,
            38.853333511125406,
            76.34616251263056,
            46.39551565702187,
            23.67033126418751,
            60.86559583061551,
            49.83376144554941,
            35.558418854020815,
            51.44885023130974,
            64.01953666640388,
            0.0,
            13.738256711669369,
            34.04210680957516,
            82.98791864778494,
            62.83705857241406,
            96.83904508827243
        ],
        [
            99.82581331198665,
            16.716640191935582,
            75.05476755381994,
            70.33716570480776,
            55.48424176486748,
            25.450184629307252,
            36.23340354385703,
            35.67310032481584,
            70.63446844841351,
            59.85917103857214,
            13.907781398943937,
            62.63276381609954,
            56.84307933610137,
            23.706240371918263,
            43.60981272152589,
            52.4900411892062,
            13.738256711669369,
            0.0,
            38.95356889265547,
            81.26465110428725,
            61.40582991008796,
            99.82581331198665
        ],
        [
            62.82402681131045,
            26.036709246222294,
            46.79704529881189,
            42.68786737458837,
            34.24063890061252,
            56.804871940283256,
            37.508477436600415,
            21.780724500596563,
            54.72334807947776,
            45.28998614837151,
            52.84759448104348,
            27.851373471884,
            18.57484652776063,
            42.98972541882348,
            40.49655722525349,
            61.969895311958325,
            34.04210680957516,
            38.95356889265547,
            0.0,
            53.122246632495276,
            34.07329395730766,
            62.82402681131045
        ],
        [
            34.86270764730331,
            64.56636843734276,
            6.423669157227757,
            82.26575845102563,
            81.95599174692367,
            84.81860398705591,
            51.466099568314206,
            45.59311652459329,
            24.993576204847304,
            94.28570864444168,
            93.54644608351221,
            27.32055148270839,
            51.786946589973105,
            68.34153495451314,
            45.771452346565724,
            62.94891482305256,
            82.98791864778494,
            81.26465110428725,
            53.122246632495276,
            0.0,
            20.154809753156833,
            34.86270764730331
        ],
        [
            44.21470119586971,
            44.689744290305576,
            13.777668587384063,
            68.74264963435013,
            65.55526162820313,
            67.28470814297974,
            34.70509975432241,
            25.86460019211136,
            24.624538121416943,
            77.58780731207477,
            74.02951369556874,
            14.42500630886943,
            37.254607801537354,
            50.57046289960167,
            30.746937494252187,
            51.923732326315736,
            62.83705857241406,
            61.40582991008796,
            34.07329395730766,
            20.154809753156833,
            0.0,
            44.21470119586971
        ],
        [
            0.0,
            83.92846580169055,
            36.32038817407788,
            72.3133470160772,
            78.83441844995743,
            110.40064524130977,
            78.73497317897586,
            67.18772891193483,
            59.578347103575986,
            90.6197802209627,
            113.49482417657163,
            37.38722622907786,
            50.591787561963685,
            93.76579416401002,
            74.93428585530573,
            95.23921947901049,
            96.83904508827243,
            99.82581331198665,
            62.82402681131045,
            34.86270764730331,
            44.21470119586971,
            0.0
        ]
    ],
    "scores_ave": [
        0,
        11.810683562088908,
        19.079224262837272,
        12.884880515896777,
        10.68894614514046,
        10.213287236018965,
        11.497288651272742,
        14.274022862144808,
        19.290328421723245,
        16.812248034687336,
        19.214103220931204,
        19.47702233202718,
        15.488979567485213,
        10.797769679129413,
        10.096261878684638,
        10.313865932829225,
        19.365157723544435,
        12.387010541411268,
        10.83387032913758,
        15.44026374170559,
        17.38352877178488,
        0
    ],
    "scores_var": [
        0,
        19.392954958777093,
        24.22199923098188,
        20.75288068710666,
        17.653132078873067,
        17.522095763182595,
        341.5554092556695,
        322.6810163821258,
        18.440350935280343,
        23.939999660749493,
        21.297263403118716,
        20.464358228098924,
        259.06663968428234,
        297.6446817852718,
        367.86440000656415,
        16.796944965244357,
        16.98635666286101,
        20.92424562807791,
        16.917675382495062,
        341.5084754407744,
        304.42994787871464,
        0
    ],
    "vertex_number": 22,
    "minimum_distances": {
        "cost": 472.9221563526937,
        "path": [
            0,
            20,
            11,
            12,
            3,
            9,
            4,
            18,
            16,
            17,
            10,
            5,
            13,
            1,
            7,
            6,
            14,
            15,
            8,
            2,
            19,
            21
        ]
    }
}