{
    "vertices": [
        [
            7.362948712375861,
            34.12443092749634
        ],
        [
            80.26830189279806,
            36.64028252128154
        ],
        [
            95.00091187985717,
            2.688307045406635
        ],
        [
            73.06423809685667,
            18.731830914529247
        ],
        [
            57.51356614473049,
            18.895685205944158
        ],
        [
            57.506469022795294,
            18.61812056281761
        ],
        [
            32.82504591911803,
            92.49958911815335
        ],
        [
            22.419855409109168,
            11.250916374145737
        ],
        [
            64.75901959963302,
            32.48027366489276
        ],
        [
            12.556640462125824,
            42.74171439248838
        ],
        [
            20.95147348498221,
            58.416350693658316
        ],
        [
            78.55424713582589,
            45.70129748241681
        ],
        [
            47.7550096549066,
            32.65842686390228
        ],
        [
            7.362948712375861,
            34.12443092749634
        ]
    ],
    "distances": [
        [
            0.0,
            72.9487493491427,
            93.10554480198749,
            67.48030499295692,
            52.41182237909769,
            52.486362897872716,
            63.68655657161735,
            27.384450100311934,
            57.41961517111745,
            10.061411844639204,
            27.83424817417182,
            72.12645014450078,
            40.41865602787396,
            0.0
        ],
        [
            72.9487493491427,
            0.0,
            37.0106259842387,
            19.30313897083535,
            28.85565339492182,
            29.032729070120897,
            73.2879572021724,
            63.17485792567755,
            16.05750637347891,
            67.98600271071219,
            63.18768295649296,
            9.221712196540086,
            32.75621080990194,
            72.9487493491427
        ],
        [
            93.10554480198749,
            37.0106259842387,
            0.0,
            27.177422887405797,
            40.840913274602336,
            40.7380927862482,
            109.23325819327316,
            73.08438983070543,
            42.45154088776115,
            91.6587875204108,
            92.67650282276422,
            46.05008281791565,
            55.94982894508771,
            93.10554480198749
        ],
        [
            67.48030499295692,
            19.30313897083535,
            27.177422887405797,
            0.0,
            15.55153517796423,
            15.558184617940068,
            84.02901128482551,
            51.1939213206367,
            16.06226423474128,
            65.09718792814064,
            65.50268197251714,
            27.522578480301746,
            28.88783687062615,
            67.48030499295692
        ],
        [
            52.41182237909769,
            28.85565339492182,
            40.840913274602336,
            15.55153517796423,
            0.0,
            0.27765536237164895,
            77.63412717386728,
            35.91672345422254,
            15.396026739589622,
            50.889667662471105,
            53.83929438850234,
            34.07713465192789,
            16.87135094498303,
            52.41182237909769
        ],
        [
            52.486362897872716,
            29.032729070120897,
            40.7380927862482,
            15.558184617940068,
            0.27765536237164895,
            0.0,
            77.89508355676755,
            35.85172453918624,
            15.644768406562019,
            51.01406538291677,
            54.03856789661336,
            34.30025416164843,
            17.09447749514041,
            52.486362897872716
        ],
        [
            63.68655657161735,
            73.2879572021724,
            109.23325819327316,
            84.02901128482551,
            77.63412717386728,
            77.89508355676755,
            0.0,
            81.91223847638658,
            67.98600519596536,
            53.72759399958275,
            36.09222719436478,
            65.43118479701864,
            61.6755098648691,
            63.68655657161735
        ],
        [
            27.384450100311934,
            63.17485792567755,
            73.08438983070543,
            51.1939213206367,
            35.91672345422254,
            35.85172453918624,
            81.91223847638658,
            0.0,
            47.363387076204035,
            32.99929346095835,
            47.18828604668067,
            65.86272612816451,
            33.16853246719523,
            27.384450100311934
        ],
        [
            57.41961517111745,
            16.05750637347891,
            42.45154088776115,
            16.06226423474128,
            15.396026739589622,
            15.644768406562019,
            67.98600519596536,
            47.363387076204035,
            0.0,
            53.20136796570183,
            50.90953926553763,
            19.107688859693948,
            17.004943186105393,
            57.41961517111745
        ],
        [
            10.061411844639204,
            67.98600271071219,
            91.6587875204108,
            65.09718792814064,
            50.889667662471105,
            51.01406538291677,
            53.72759399958275,
            32.99929346095835,
            53.20136796570183,
            0.0,
            17.781097959788486,
            66.06393281301537,
            36.61417595980331,
            10.061411844639204
        ],
        [
            27.83424817417182,
            63.18768295649296,
            92.67650282276422,
            65.50268197251714,
            53.83929438850234,
            54.03856789661336,
            36.09222719436478,
            47.18828604668067,
            50.90953926553763,
            17.781097959788486,
            0.0,
            58.9894237167565,
            37.17391815819203,
            27.83424817417182
        ],
        [
            72.12645014450078,
            9.221712196540086,
            46.05008281791565,
            27.522578480301746,
            34.07713465192789,
            34.30025416164843,
            65.43118479701864,
            65.86272612816451,
            19.107688859693948,
            66.06393281301537,
            58.9894237167565,
            0.0,
            33.44711502323292,
            72.12645014450078
        ],
        [
            40.41865602787396,
            32.75621080990194,
            55.94982894508771,
            28.88783687062615,
            16.87135094498303,
            17.09447749514041,
            61.6755098648691,
            33.16853246719523,
            17.004943186105393,
            36.61417595980331,
            37.17391815819203,
            33.44711502323292,
            0.0,
            40.41865602787396
        ],
        [
            0.0,
            72.9487493491427,
            93.10554480198749,
            67.48030499295692,
            52.41182237909769,
            52.486362897872716,
            63.68655657161735,
            27.384450100311934,
            57.41961517111745,
            10.061411844639204,
            27.83424817417182,
            72.12645014450078,
            40.41865602787396,
            0.0
        ]
    ],
    "scores_ave": [
        0,
        17.651360553936037,
        16.151361304384793,
        18.397370318813856,
        11.66871740357386,
        11.874002795833459,
        18.3222812060603,
        13.278825833169282,
        19.6517355849522,
        19.657101756603687,
        19.492536131092592,
        10.63446119384065,
        17.891030454514087,
        0
    ],
    "scores_var": [
        0,
        22.619462258847477,
        23.759669562381866,
        17.65983061281395,
        23.150888305483743,
        386.48839853653686,
        19.39615241060592,
        19.974206280240654,
        334.92636206893906,
        306.08214077439936,
        24.861310656354917,
        23.966817107801543,
        265.67347577102765,
        0
    ],
    "vertex_number": 14,
    "minimum_distances": {
        "cost": 314.1980051574796,
        "path": [
            0,
            9,
            10,
            6,
            12,
            8,
            11,
            1,
            2,
            3,
            4,
            5,
            7,
            13
        ]
    }
}