{
    "vertices": [
        [
            50.01572859943111,
            1.9087774657912893
        ],
        [
            7.546453730158942,
            57.772458707306185
        ],
        [
            59.76867520401854,
            90.44945159512248
        ],
        [
            35.02521775737063,
            27.11256317958113
        ],
        [
            21.521337338868605,
            16.85561369717584
        ],
        [
            83.71502583995559,
            83.98309545434822
        ],
        [
            40.49254299305236,
            23.198933448481085
        ],
        [
            58.53743855876004,
            11.625334960890122
        ],
        [
            37.75236116334144,
            33.554870203815526
        ],
        [
            39.737275951650844,
            9.155621665715563
        ],
        [
            15.678513672473803,
            90.33510972056979
        ],
        [
            2.884478670411772,
            50.178488429527924
        ],
        [
            40.86870974542723,
            48.45956409695796
        ],
        [
            65.97275282819696,
            8.304080159634797
        ],
        [
            10.02449255195269,
            85.78346828482492
        ],
        [
            58.02315440998777,
            10.46300933109513
        ],
        [
            8.345142769461479,
            42.45752252397644
        ],
        [
            50.01572859943111,
            1.9087774657912893
        ]
    ],
    "distances": [
        [
            0.0,
            70.17399938563696,
            89.07620862356205,
            29.324839805403364,
            32.17667239846051,
            88.72336956964597,
            23.32298878490494,
            12.924048521515507,
            33.939142099590185,
            12.576300715657096,
            94.85916173450269,
            67.46346949567864,
            47.44094950457788,
            17.19088475859525,
            92.9207335345219,
            11.717241608712719,
            58.14325798582808,
            0.0
        ],
        [
            70.17399938563696,
            0.0,
            61.60313530864512,
            41.17173382594178,
            43.237548235995185,
            80.5521499150127,
            47.75744388617505,
            68.7723604644894,
            38.71548058317748,
            58.30819735872714,
            33.56272694399249,
            8.910802210658941,
            34.59917270644685,
            76.55555435387502,
            28.12040778427943,
            69.18150989824744,
            15.335748253051253,
            70.17399938563696
        ],
        [
            89.07620862356205,
            61.60313530864512,
            0.0,
            67.99853028247605,
            82.9392056287024,
            24.804061573028147,
            69.95856962521741,
            78.83373203676008,
            61.00583148871727,
            83.7254067807323,
            44.09030979639385,
            69.69621431296447,
            46.047359820563635,
            82.37932160100051,
            49.962537045010684,
            80.00548599251788,
            70.33921341625775,
            89.07620862356205
        ],
        [
            29.324839805403364,
            41.17173382594178,
            67.99853028247605,
            0.0,
            16.95758824366887,
            74.86624641541928,
            6.723700090342553,
            28.154551406675044,
            6.9957580683747125,
            18.56489269989654,
            66.11645294536028,
            39.56088998862511,
            22.132348424443553,
            36.214761637647634,
            63.77547621668804,
            28.392124500139566,
            30.778144496405247,
            29.324839805403364
        ],
        [
            32.17667239846051,
            43.237548235995185,
            82.9392056287024,
            16.95758824366887,
            0.0,
            91.51040212145146,
            20.003608410500163,
            37.38378746436068,
            23.287578282534074,
            19.776508711832903,
            73.71143007870998,
            38.18044632342665,
            37.05577552703431,
            45.266511516225655,
            69.88008713582526,
            37.05736148290485,
            28.79357287497827,
            32.17667239846051
        ],
        [
            88.72336956964597,
            80.5521499150127,
            24.804061573028147,
            74.86624641541928,
            91.51040212145146,
            0.0,
            74.58483340603735,
            76.61303025550461,
            68.23175540826526,
            86.79397052115311,
            68.33238670757945,
            87.61466094113689,
            55.65723747161485,
            77.73095655915503,
            73.71252294284182,
            77.87987751110391,
            86.05226598559494,
            88.72336956964597
        ],
        [
            23.32298878490494,
            47.75744388617505,
            69.95856962521741,
            6.723700090342553,
            20.003608410500163,
            74.58483340603735,
            0.0,
            21.43750073887496,
            10.712330397274194,
            14.063606725580332,
            71.57515082456689,
            46.28458586906878,
            25.26343132245423,
            29.51436510818511,
            69.6069400157982,
            21.66855093852377,
            37.4746393486918,
            23.32298878490494
        ],
        [
            12.924048521515507,
            68.7723604644894,
            78.83373203676008,
            28.154551406675044,
            37.38378746436068,
            76.61303025550461,
            21.43750073887496,
            0.0,
            30.214631526865396,
            18.961687630960192,
            89.62207364889429,
            67.70227165103428,
            40.852716114445144,
            8.143379626429917,
            88.61678547741333,
            1.2710189044057303,
            58.90577515427305,
            12.924048521515507
        ],
        [
            33.939142099590185,
            38.71548058317748,
            61.00583148871727,
            6.9957580683747125,
            23.287578282534074,
            68.23175540826526,
            10.712330397274194,
            30.214631526865396,
            0.0,
            24.479853266325403,
            60.920032359069424,
            38.627890344348195,
            15.226999984676745,
            37.86809875836313,
            59.13257270944716,
            30.72684652569081,
            30.72526178894199,
            33.939142099590185
        ],
        [
            12.576300715657096,
            58.30819735872714,
            83.7254067807323,
            18.56489269989654,
            19.776508711832903,
            86.79397052115311,
            14.063606725580332,
            18.961687630960192,
            24.479853266325403,
            0.0,
            84.66955369702957,
            55.145301386188855,
            39.320224224540176,
            26.249292750022125,
            82.18683820928463,
            18.33255610930066,
            45.7655178764728,
            12.576300715657096
        ],
        [
            94.85916173450269,
            33.56272694399249,
            44.09030979639385,
            66.11645294536028,
            73.71143007870998,
            68.33238670757945,
            71.57515082456689,
            89.62207364889429,
            60.920032359069424,
            84.66955369702957,
            0.0,
            42.14548095758482,
            48.86826474788146,
            96.22162076726866,
            7.258470540746751,
            90.40254985239878,
            48.43595446121142,
            94.85916173450269
        ],
        [
            67.46346949567864,
            8.910802210658941,
            69.69621431296447,
            39.56088998862511,
            38.18044632342665,
            87.61466094113689,
            46.28458586906878,
            67.70227165103428,
            38.627890344348195,
            55.145301386188855,
            42.14548095758482,
            0.0,
            38.0231049655505,
            75.72051508119553,
            36.3138319201472,
            67.9528722154712,
            9.45685819484139,
            67.46346949567864
        ],
        [
            47.44094950457788,
            34.59917270644685,
            46.047359820563635,
            22.132348424443553,
            37.05577552703431,
            55.65723747161485,
            25.26343132245423,
            40.852716114445144,
            15.226999984676745,
            39.320224224540176,
            48.86826474788146,
            38.0231049655505,
            0.0,
            47.35689885689495,
            48.41941302931401,
            41.68948483520374,
            33.072751803923545,
            47.44094950457788
        ],
        [
            17.19088475859525,
            76.55555435387502,
            82.37932160100051,
            36.214761637647634,
            45.266511516225655,
            77.73095655915503,
            29.51436510818511,
            8.143379626429917,
            37.86809875836313,
            26.249292750022125,
            96.22162076726866,
            75.72051508119553,
            47.35689885689495,
            0.0,
            95.56810876119829,
            8.237541512986533,
            66.98805166905571,
            17.19088475859525
        ],
        [
            92.9207335345219,
            28.12040778427943,
            49.962537045010684,
            63.77547621668804,
            69.88008713582526,
            73.71252294284182,
            69.6069400157982,
            88.61678547741333,
            59.13257270944716,
            82.18683820928463,
            7.258470540746751,
            36.3138319201472,
            48.41941302931401,
            95.56810876119829,
            0.0,
            89.3142938009504,
            43.3584800444381,
            92.9207335345219
        ],
        [
            11.717241608712719,
            69.18150989824744,
            80.00548599251788,
            28.392124500139566,
            37.05736148290485,
            77.87987751110391,
            21.66855093852377,
            1.2710189044057303,
            30.72684652569081,
            18.33255610930066,
            90.40254985239878,
            67.9528722154712,
            41.68948483520374,
            8.237541512986533,
            89.3142938009504,
            0.0,
            59.08937057547425,
            11.717241608712719
        ],
        [
            58.14325798582808,
            15.335748253051253,
            70.33921341625775,
            30.778144496405247,
            28.79357287497827,
            86.05226598559494,
            37.4746393486918,
            58.90577515427305,
            30.72526178894199,
            45.7655178764728,
            48.43595446121142,
            9.45685819484139,
            33.072751803923545,
            66.98805166905571,
            43.3584800444381,
            59.08937057547425,
            0.0,
            58.14325798582808
        ],
        [
            0.0,
            70.17399938563696,
            89.07620862356205,
            29.324839805403364,
            32.17667239846051,
            88.72336956964597,
            23.32298878490494,
            12.924048521515507,
            33.939142099590185,
            12.576300715657096,
            94.85916173450269,
            67.46346949567864,
            47.44094950457788,
            17.19088475859525,
            92.9207335345219,
            11.717241608712719,
            58.14325798582808,
            0.0
        ]
    ],
    "scores_ave": [
        0,
        15.953612644628848,
        14.161447098971074,
        15.05054701697382,
        15.162273963045898,
        13.997846619182324,
        18.89374308080322,
        15.086228255249484,
        16.708987071215613,
        15.81184439387114,
        18.96437421450242,
        16.247784997521123,
        13.883365711897836,
        14.043761464328563,
        11.306442320187504,
        17.263688864327108,
        12.574500003037254,
        0
    ],
    "scores_var": [
        0,
        249.14860144391747,
        354.21519961683134,
        16.644047579620413,
        292.5358502077612,
        348.04032322274264,
        394.5620614876658,
        342.1774201217387,
        372.4179807965948,
        17.259990774656334,
        304.2928205118362,
        21.357128567810005,
        22.943645138618788,
        21.02905271741953,
        254.91304192915123,
        330.6810594636198,
        325.8271638171109,
        0
    ],
    "vertex_number": 18,
    "minimum_distances": {
        "cost": 316.5279339322881,
        "path": [
            0,
            9,
            4,
            16,
            11,
            1,
            14,
            10,
            2,
            5,
            12,
            8,
            3,
            6,
            7,
            15,
            13,
            17
        ]
    }
}