{
    "vertices": [
        [
            70.24512958958363,
            9.767279734482393
        ],
        [
            73.19395622616727,
            77.65669686276269
        ],
        [
            15.12364770271578,
            84.58060839572126
        ],
        [
            88.650359033851,
            67.4078807651627
        ],
        [
            56.22159873380631,
            58.158269593453404
        ],
        [
            10.66768768542361,
            76.6616697183335
        ],
        [
            29.64639304769886,
            70.36418588257793
        ],
        [
            26.003834518614422,
            39.70748148344624
        ],
        [
            97.43510029856284,
            26.68302226228435
        ],
        [
            13.02768806741298,
            88.2621950253319
        ],
        [
            31.05202274708606,
            26.85051348412264
        ],
        [
            47.16338721326775,
            83.63084600707134
        ],
        [
            35.38268408028018,
            15.10485409829727
        ],
        [
            31.4164177193581,
            55.25000795926497
        ],
        [
            44.14948795708498,
            73.29693336732136
        ],
        [
            33.47430344468315,
            48.500308816340585
        ],
        [
            51.59092338068224,
            76.05897252749834
        ],
        [
            86.69126115198023,
            27.21012210416014
        ],
        [
            30.70487819370711,
            68.27771963804481
        ],
        [
            70.24512958958363,
            9.767279734482393
        ]
    ],
    "distances": [
        [
            0.0,
            67.9534291743269,
            92.92691704118266,
            60.50777931864787,
            50.382013826304856,
            89.5786302371002,
            72.93999207237732,
            53.42010735973133,
            32.02244294900118,
            97.13540724607407,
            42.75437403719387,
            77.38600166458889,
            35.26868025569437,
            59.802570448689124,
            68.68041498797372,
            53.40731407995134,
            68.86630484241054,
            23.97348521390002,
            70.61800803022912,
            0.0
        ],
        [
            67.9534291743269,
            0.0,
            58.481632013180686,
            18.545582200507972,
            25.850523879121774,
            62.53418534407674,
            44.15394631489708,
            60.55617668478913,
            56.44420757007834,
            61.093832875564374,
            66.00917229339652,
            26.707320740459323,
            73.09189650378995,
            47.40698715702202,
            29.369859971915275,
            49.2721603037172,
            21.66203478841729,
            52.22101248669592,
            43.51191751497819,
            67.9534291743269
        ],
        [
            92.92691704118266,
            58.481632013180686,
            0.0,
            75.50549551817693,
            48.85879211294262,
            9.086537814367704,
            20.322814800795587,
            46.173325459988206,
            100.63451549303113,
            4.236404950444014,
            59.88720222264772,
            32.05381344705991,
            72.36925445341762,
            33.55202641835883,
            31.141944779006575,
            40.47881648341583,
            37.44970591664757,
            91.72402080236965,
            22.551251084109964,
            92.92691704118266
        ],
        [
            60.50777931864787,
            18.545582200507972,
            75.50549551817693,
            0.0,
            33.7220966344853,
            78.52980097152077,
            59.07798017910103,
            68.4974390339132,
            41.66156237069601,
            78.44546377809264,
            70.44478961408319,
            44.54608211820704,
            74.6528753195355,
            58.51100673852062,
            44.88884568734133,
            58.325752351588456,
            38.05579009312128,
            40.24547012868601,
            57.95200919260919,
            60.50777931864787
        ],
        [
            50.382013826304856,
            25.850523879121774,
            48.85879211294262,
            33.7220966344853,
            0.0,
            49.16843121338504,
            29.24424643782146,
            35.40543540256656,
            51.857920376606444,
            52.64940878171823,
            40.17067522400666,
            27.03522415476562,
            47.83154764102345,
            24.975087405100993,
            19.362721902244353,
            24.712661721126164,
            18.489951859292542,
            43.43026779673974,
            27.450069149758104,
            50.382013826304856
        ],
        [
            89.5786302371002,
            62.53418534407674,
            9.086537814367704,
            78.52980097152077,
            49.16843121338504,
            0.0,
            19.99623864354639,
            40.0101165680465,
            100.13215813670851,
            11.838149737239364,
            53.82074322503438,
            37.155154449553685,
            66.33304301836988,
            29.815584134909262,
            33.65044427854179,
            36.238156275434335,
            40.92767356781388,
            90.69200231587008,
            21.720488539948153,
            89.5786302371002
        ],
        [
            72.93999207237732,
            44.15394631489708,
            20.322814800795587,
            59.07798017910103,
            29.24424643782146,
            19.99623864354639,
            0.0,
            30.87234615725773,
            80.6433685182247,
            24.423760695189507,
            43.536369628758536,
            21.973833426496114,
            55.556266829725736,
            15.217468962867748,
            14.796647247262822,
            22.19644157010037,
            22.67141386121279,
            71.52894657148676,
            2.339600862090843,
            72.93999207237732
        ],
        [
            53.42010735973133,
            60.55617668478913,
            46.173325459988206,
            68.4974390339132,
            35.40543540256656,
            40.0101165680465,
            30.87234615725773,
            0.0,
            72.60896824035815,
            50.25873639336353,
            13.812524408148954,
            48.75437027911507,
            26.329680844112787,
            16.45801282526232,
            38.1774281031114,
            11.537838553275582,
            44.45368395938806,
            61.960856537294475,
            28.954417967654077,
            53.42010735973133
        ],
        [
            32.02244294900118,
            56.44420757007834,
            100.63451549303113,
            41.66156237069601,
            51.857920376606444,
            100.13215813670851,
            80.6433685182247,
            72.60896824035815,
            0.0,
            104.48256197921509,
            66.38328884979092,
            75.9624892022211,
            63.12334224801911,
            71.93426945000058,
            70.79698574879124,
            67.57941644291603,
            67.37709567702382,
            10.75676130863498,
            78.63231773224334,
            32.02244294900118
        ],
        [
            97.13540724607407,
            61.093832875564374,
            4.236404950444014,
            78.44546377809264,
            52.64940878171823,
            11.838149737239364,
            24.423760695189507,
            50.25873639336353,
            104.48256197921509,
            0.0,
            64.00211926462879,
            34.448444811126855,
            76.49668213883322,
            37.78822400030627,
            34.53296229496549,
            44.71097935946824,
            40.44801301866642,
            95.67485358001576,
            26.680747876816238,
            97.13540724607407
        ],
        [
            42.75437403719387,
            66.00917229339652,
            59.88720222264772,
            70.44478961408319,
            40.17067522400666,
            53.82074322503438,
            43.536369628758536,
            13.812524408148954,
            66.38328884979092,
            64.00211926462879,
            0.0,
            59.02187921761529,
            12.518591853345576,
            28.401832161666206,
            48.25778191021142,
            21.784881952970903,
            53.32278012876224,
            55.64040050751123,
            41.428660599402775,
            42.75437403719387
        ],
        [
            77.38600166458889,
            26.707320740459323,
            32.05381344705991,
            44.54608211820704,
            27.03522415476562,
            37.155154449553685,
            21.973833426496114,
            48.75437027911507,
            75.9624892022211,
            34.448444811126855,
            59.02187921761529,
            0.0,
            69.53126299290811,
            32.45672528980604,
            10.764447926967899,
            37.703390533646214,
            8.77133652896891,
            68.88941068004053,
            22.507798836186904,
            77.38600166458889
        ],
        [
            35.26868025569437,
            73.09189650378995,
            72.36925445341762,
            74.6528753195355,
            47.83154764102345,
            66.33304301836988,
            55.556266829725736,
            26.329680844112787,
            63.12334224801911,
            76.49668213883322,
            12.518591853345576,
            69.53126299290811,
            0.0,
            40.34060792014111,
            58.848746289676754,
            33.44993740614776,
            63.0722726298979,
            52.717241910179176,
            53.37823055910087,
            35.26868025569437
        ],
        [
            59.802570448689124,
            47.40698715702202,
            33.55202641835883,
            58.51100673852062,
            24.975087405100993,
            29.815584134909262,
            15.217468962867748,
            16.45801282526232,
            71.93426945000058,
            37.78822400030627,
            28.401832161666206,
            32.45672528980604,
            40.34060792014111,
            0.0,
            22.086706281445345,
            7.056439057944934,
            28.98316209596171,
            61.98018647332547,
            13.047128422836206,
            59.802570448689124
        ],
        [
            68.68041498797372,
            29.369859971915275,
            31.141944779006575,
            44.88884568734133,
            19.362721902244353,
            33.65044427854179,
            14.796647247262822,
            38.1774281031114,
            70.79698574879124,
            34.53296229496549,
            48.25778191021142,
            10.764447926967899,
            58.848746289676754,
            22.086706281445345,
            0.0,
            26.99689155247556,
            7.937494660528556,
            62.71998596119224,
            14.350959485333156,
            68.68041498797372
        ],
        [
            53.40731407995134,
            49.2721603037172,
            40.47881648341583,
            58.325752351588456,
            24.712661721126164,
            36.238156275434335,
            22.19644157010037,
            11.537838553275582,
            67.57941644291603,
            44.71097935946824,
            21.784881952970903,
            37.703390533646214,
            33.44993740614776,
            7.056439057944934,
            26.99689155247556,
            0.0,
            32.98017379350999,
            57.317681720911835,
            19.97037042799175,
            53.40731407995134
        ],
        [
            68.86630484241054,
            21.66203478841729,
            37.44970591664757,
            38.05579009312128,
            18.489951859292542,
            40.92767356781388,
            22.67141386121279,
            44.45368395938806,
            67.37709567702382,
            40.44801301866642,
            53.32278012876224,
            8.77133652896891,
            63.0722726298979,
            28.98316209596171,
            7.937494660528556,
            32.98017379350999,
            0.0,
            60.151840365369345,
            22.288444990218494,
            68.86630484241054
        ],
        [
            23.97348521390002,
            52.22101248669592,
            91.72402080236965,
            40.24547012868601,
            43.43026779673974,
            90.69200231587008,
            71.52894657148676,
            61.960856537294475,
            10.75676130863498,
            95.67485358001576,
            55.64040050751123,
            68.88941068004053,
            52.717241910179176,
            61.98018647332547,
            62.71998596119224,
            57.317681720911835,
            60.151840365369345,
            0.0,
            69.43358440953156,
            23.97348521390002
        ],
        [
            70.61800803022912,
            43.51191751497819,
            22.551251084109964,
            57.95200919260919,
            27.450069149758104,
            21.720488539948153,
            2.339600862090843,
            28.954417967654077,
            78.63231773224334,
            26.680747876816238,
            41.428660599402775,
            22.507798836186904,
            53.37823055910087,
            13.047128422836206,
            14.350959485333156,
            19.97037042799175,
            22.288444990218494,
            69.43358440953156,
            0.0,
            70.61800803022912
        ],
        [
            0.0,
            67.9534291743269,
            92.92691704118266,
            60.50777931864787,
            50.382013826304856,
            89.5786302371002,
            72.93999207237732,
            53.42010735973133,
            32.02244294900118,
            97.13540724607407,
            42.75437403719387,
            77.38600166458889,
            35.26868025569437,
            59.802570448689124,
            68.68041498797372,
            53.40731407995134,
            68.86630484241054,
            23.97348521390002,
            70.61800803022912,
            0.0
        ]
    ],
    "scores_ave": [
        0,
        19.44095012005139,
        16.783122942926504,
        11.508171302170288,
        18.42839672369098,
        18.174949697371723,
        16.311924483275646,
        16.922603590341527,
        13.370667496810402,
        11.386942983027428,
        15.997563402566119,
        19.523792410524713,
        16.4614732043959,
        11.370776813036104,
        10.585504685809813,
        15.279468038018765,
        19.252518444739916,
        16.230993342805462,
        10.578066557958369,
        0
    ],
    "scores_var": [
        0,
        341.34366757945475,
        291.7619937743083,
        344.6876745229377,
        299.1463784020055,
        261.29520705388586,
        16.687532729522875,
        17.57003170249046,
        21.822161460977316,
        245.96722253995574,
        294.9034840954555,
        17.76724489549777,
        24.215670173003367,
        23.08158711915496,
        18.904423330346642,
        16.98762461957981,
        380.69966910100857,
        231.24593400536995,
        370.6498639452807,
        0
    ],
    "vertex_number": 20,
    "minimum_distances": {
        "cost": 320.20789769742396,
        "path": [
            0,
            12,
            10,
            7,
            15,
            13,
            18,
            6,
            5,
            2,
            9,
            11,
            16,
            14,
            4,
            1,
            3,
            8,
            17,
            19
        ]
    }
}