{
    "vertices": [
        [
            70.39887441601041,
            28.08346722652175
        ],
        [
            96.81521249930724,
            80.87071800213737
        ],
        [
            48.40291909088643,
            42.34932299442297
        ],
        [
            29.43179707986394,
            24.142584679281875
        ],
        [
            58.2404134162665,
            39.259101576926426
        ],
        [
            14.222182211009338,
            0.8364943435109295
        ],
        [
            78.59984620108405,
            63.10450707848443
        ],
        [
            16.992596925616,
            56.13846483561249
        ],
        [
            13.740342510182002,
            20.06718877146395
        ],
        [
            45.7545924130468,
            32.72311957554672
        ],
        [
            75.22409528210204,
            73.52109977993719
        ],
        [
            39.329528083060374,
            37.64006805346192
        ],
        [
            10.60687818674051,
            3.1694100008002546
        ],
        [
            84.81371943930172,
            43.981165955274115
        ],
        [
            70.39887441601041,
            28.08346722652175
        ]
    ],
    "distances": [
        [
            0.0,
            59.02810146175099,
            26.217106847541565,
            41.15619006561402,
            16.514326417272933,
            62.43571316468609,
            35.96844687406355,
            60.326721825631274,
            57.2228097701677,
            25.077220925800553,
            45.6931199248395,
            32.50589024964967,
            64.77494160960357,
            21.459836483898954,
            0.0
        ],
        [
            59.02810146175099,
            0.0,
            61.86798870501116,
            88.08294831512474,
            56.741005858337104,
            115.00906750705673,
            25.444799467910332,
            83.56634671755356,
            102.94903200426616,
            70.18103844943916,
            22.80774497181147,
            71.92699776710577,
            116.05761573488371,
            38.792716918096794,
            59.02810146175099
        ],
        [
            26.217106847541565,
            61.86798870501116,
            0.0,
            26.29427295882373,
            10.311438454989656,
            53.773950164102445,
            36.64194417961288,
            34.30377196814546,
            41.20664656027181,
            9.98385829497504,
            41.122441078396044,
            10.222695656228096,
            54.4390144126041,
            36.447349608181916,
            26.217106847541565
        ],
        [
            41.15619006561402,
            88.08294831512474,
            26.29427295882373,
            0.0,
            32.53375874894897,
            27.829952051665465,
            62.73379034801098,
            34.32885153126613,
            16.212051021319027,
            18.44069485119785,
            67.34368810949059,
            16.73759649555164,
            28.18247021513157,
            58.827940906264466,
            41.15619006561402
        ],
        [
            16.514326417272933,
            56.741005858337104,
            10.311438454989656,
            32.53375874894897,
            0.0,
            58.42860108759055,
            31.35458286842988,
            44.56787261318472,
            48.46221030637194,
            14.093075847621115,
            38.240423253188816,
            18.98006463729174,
            59.761354707891336,
            26.989599570707604,
            16.514326417272933
        ],
        [
            62.43571316468609,
            115.00906750705673,
            53.773950164102445,
            27.829952051665465,
            58.42860108759055,
            0.0,
            89.56444066024073,
            55.37132053690051,
            19.236729911255622,
            44.844729476693885,
            94.89091245099351,
            44.55201291257887,
            4.302664134221967,
            82.73226587456838,
            62.43571316468609
        ],
        [
            35.96844687406355,
            25.444799467910332,
            36.64194417961288,
            62.73379034801098,
            31.35458286842988,
            89.56444066024073,
            0.0,
            61.999829901533886,
            77.83936013412453,
            44.74191997449635,
            10.949935971272467,
            46.80379834959838,
            90.6380690499912,
            20.10757062241246,
            35.96844687406355
        ],
        [
            60.326721825631274,
            83.56634671755356,
            34.30377196814546,
            34.32885153126613,
            44.56787261318472,
            55.37132053690051,
            61.999829901533886,
            0.0,
            36.21759400731535,
            37.088148754920006,
            60.770580040420015,
            29.0022271048671,
            53.352583572919606,
            68.90213766700018,
            60.326721825631274
        ],
        [
            57.2228097701677,
            102.94903200426616,
            41.20664656027181,
            16.212051021319027,
            48.46221030637194,
            19.236729911255622,
            77.83936013412453,
            36.21759400731535,
            0.0,
            34.425060368295796,
            81.47129836341361,
            31.04210857114703,
            17.185852496998027,
            74.98868723251874,
            57.2228097701677
        ],
        [
            25.077220925800553,
            70.18103844943916,
            9.98385829497504,
            18.44069485119785,
            14.093075847621115,
            44.844729476693885,
            44.74191997449635,
            37.088148754920006,
            34.425060368295796,
            0.0,
            50.32819078913022,
            8.090601583253035,
            45.92149349664658,
            40.649219086486895,
            25.077220925800553
        ],
        [
            45.6931199248395,
            22.80774497181147,
            41.122441078396044,
            67.34368810949059,
            38.240423253188816,
            94.89091245099351,
            10.949935971272467,
            60.770580040420015,
            81.47129836341361,
            50.32819078913022,
            0.0,
            50.753013626412795,
            95.52353113201481,
            31.05750443679951,
            45.6931199248395
        ],
        [
            32.50589024964967,
            71.92699776710577,
            10.222695656228096,
            16.73759649555164,
            18.98006463729174,
            44.55201291257887,
            46.80379834959838,
            29.0022271048671,
            31.04210857114703,
            8.090601583253035,
            50.753013626412795,
            0.0,
            44.86888547367866,
            45.92408067595417,
            32.50589024964967
        ],
        [
            64.77494160960357,
            116.05761573488371,
            54.4390144126041,
            28.18247021513157,
            59.761354707891336,
            4.302664134221967,
            90.6380690499912,
            53.352583572919606,
            17.185852496998027,
            45.92149349664658,
            95.52353113201481,
            44.86888547367866,
            0.0,
            84.68916526197643,
            64.77494160960357
        ],
        [
            21.459836483898954,
            38.792716918096794,
            36.447349608181916,
            58.827940906264466,
            26.989599570707604,
            82.73226587456838,
            20.10757062241246,
            68.90213766700018,
            74.98868723251874,
            40.649219086486895,
            31.05750443679951,
            45.92408067595417,
            84.68916526197643,
            0.0,
            21.459836483898954
        ],
        [
            0.0,
            59.02810146175099,
            26.217106847541565,
            41.15619006561402,
            16.514326417272933,
            62.43571316468609,
            35.96844687406355,
            60.326721825631274,
            57.2228097701677,
            25.077220925800553,
            45.6931199248395,
            32.50589024964967,
            64.77494160960357,
            21.459836483898954,
            0.0
        ]
    ],
    "scores_ave": [
        0,
        12.914838926574163,
        15.024264470716709,
        17.54287142301474,
        19.079572024913283,
        17.122139835550243,
        17.305006913396163,
        16.75906051996913,
        12.826964148646997,
        16.09288666878077,
        12.45142780585053,
        13.116627077195922,
        18.813621476268857,
        18.24192294472088,
        0
    ],
    "scores_var": [
        0,
        323.2040438283318,
        398.21161433925914,
        22.996843950126422,
        399.53222238070896,
        339.6839704744159,
        22.59815978633242,
        19.32582036996713,
        385.99547775876385,
        17.782607096707967,
        21.182933051099265,
        270.3461100047018,
        233.28036290026554,
        22.311305060561565,
        0
    ],
    "vertex_number": 15,
    "minimum_distances": {
        "cost": 304.4612610920804,
        "path": [
            0,
            13,
            1,
            10,
            6,
            2,
            11,
            7,
            8,
            12,
            5,
            3,
            9,
            4,
            14
        ]
    }
}