{
    "vertices": [
        [
            80.16508376490948,
            65.67858140685169
        ],
        [
            51.53683303704185,
            0.49869987039437014
        ],
        [
            92.62259343875618,
            48.96740350107272
        ],
        [
            87.52636061138233,
            78.54341157671504
        ],
        [
            15.593425055224476,
            44.90386374415425
        ],
        [
            15.142791158470104,
            45.41916219654699
        ],
        [
            27.66731943445887,
            98.14570401866209
        ],
        [
            87.97949181219134,
            25.141992112681
        ],
        [
            72.26917937953434,
            25.19470554274458
        ],
        [
            90.66162838933538,
            96.70212508094431
        ],
        [
            66.71800951357304,
            28.7247331829805
        ],
        [
            99.0971168689309,
            8.989187776281183
        ],
        [
            66.26366501431461,
            6.065476872121522
        ],
        [
            22.83012736295431,
            2.5045528285948637
        ],
        [
            35.24985623588115,
            31.14786094541827
        ],
        [
            80.16508376490948,
            65.67858140685169
        ]
    ],
    "distances": [
        [
            0.0,
            71.18984265219487,
            20.843536510692697,
            14.822019164400091,
            67.83132021776396,
            68.10537866083915,
            61.72624490754206,
            41.28292679466534,
            41.24669091022238,
            32.7511482417166,
            39.324428851209824,
            59.76712497396483,
            61.21251241002984,
            85.3126902191023,
            56.65464075934152,
            0.0
        ],
        [
            71.18984265219487,
            0.0,
            63.539396750564215,
            85.94313887883617,
            57.12921455790236,
            57.81327027469153,
            100.5220925904137,
            43.99271793309348,
            32.24473415976344,
            103.85494034277197,
            32.049603363767325,
            48.31220325186854,
            15.743842805166146,
            28.776698850782232,
            34.70787645368565,
            71.18984265219487
        ],
        [
            20.843536510692697,
            63.539396750564215,
            0.0,
            30.011861700355464,
            77.1362764023163,
            77.56100681236266,
            81.47203730588596,
            24.27361984831918,
            31.29540912153136,
            47.77498328867222,
            32.875723109063756,
            40.49910105404625,
            50.35244200791801,
            83.84381201707691,
            60.07634368903405,
            20.843536510692697
        ],
        [
            14.822019164400091,
            85.94313887883617,
            30.011861700355464,
            0.0,
            79.41011520017777,
            79.60274507668773,
            62.986940548023384,
            53.40334192406746,
            55.48753026257748,
            18.427392115222084,
            53.989704502877714,
            70.51008756803837,
            75.53246482868731,
            99.83742102163686,
            70.56324205537618,
            14.822019164400091
        ],
        [
            67.83132021776396,
            57.12921455790236,
            77.1362764023163,
            79.41011520017777,
            0.0,
            0.6845461298863535,
            54.59370367814509,
            75.03515330112208,
            60.00493350748522,
            91.20468754031133,
            53.62357132599732,
            90.89956268539349,
            63.842724819148025,
            43.01245664229115,
            23.99172565195601,
            67.83132021776396
        ],
        [
            68.10537866083915,
            57.81327027469153,
            77.56100681236266,
            79.60274507668773,
            0.6845461298863535,
            0.0,
            54.19365295913622,
            75.606538002542,
            60.600766316320446,
            91.28547014122454,
            54.20984328021579,
            91.51760399922716,
            64.51400074711742,
            43.59769300232179,
            24.65692814256697,
            68.10537866083915
        ],
        [
            61.72624490754206,
            100.5220925904137,
            81.47203730588596,
            62.986940548023384,
            54.59370367814509,
            54.19365295913622,
            0.0,
            94.6947732927895,
            85.50540385960086,
            63.01084732688377,
            79.65065967977654,
            114.24141258758856,
            99.84210596475896,
            95.76339712070538,
            67.42555777160413,
            61.72624490754206
        ],
        [
            41.28292679466534,
            43.99271793309348,
            24.27361984831918,
            53.40334192406746,
            75.03515330112208,
            75.606538002542,
            94.6947732927895,
            0.0,
            15.710400868132115,
            71.61037974381912,
            21.56123055651672,
            19.60904573997062,
            28.9048536968911,
            68.9702352140414,
            53.07056555612087,
            41.28292679466534
        ],
        [
            41.24669091022238,
            32.24473415976344,
            31.29540912153136,
            55.48753026257748,
            60.00493350748522,
            60.600766316320446,
            85.50540385960086,
            15.710400868132115,
            0.0,
            73.8349052250373,
            6.57849390222309,
            31.342575452794723,
            20.049777862207044,
            54.39726918228102,
            37.494937595128754,
            41.24669091022238
        ],
        [
            32.7511482417166,
            103.85494034277197,
            47.77498328867222,
            18.427392115222084,
            91.20468754031133,
            91.28547014122454,
            63.01084732688377,
            71.61037974381912,
            73.8349052250373,
            0.0,
            72.07095596783158,
            88.11763067911639,
            93.86299918167305,
            116.07883161769216,
            85.83604161153194,
            32.7511482417166
        ],
        [
            39.324428851209824,
            32.049603363767325,
            32.875723109063756,
            53.989704502877714,
            53.62357132599732,
            54.20984328021579,
            79.65065967977654,
            21.56123055651672,
            6.57849390222309,
            72.07095596783158,
            0.0,
            37.919630082975225,
            22.66381092149352,
            51.12381106180473,
            31.561308890180833,
            39.324428851209824
        ],
        [
            59.76712497396483,
            48.31220325186854,
            40.49910105404625,
            70.51008756803837,
            90.89956268539349,
            91.51760399922716,
            114.24141258758856,
            19.60904573997062,
            31.342575452794723,
            88.11763067911639,
            37.919630082975225,
            0.0,
            32.96336824628982,
            76.54217255023205,
            67.58313019505104,
            59.76712497396483
        ],
        [
            61.21251241002984,
            15.743842805166146,
            50.35244200791801,
            75.53246482868731,
            63.842724819148025,
            64.51400074711742,
            99.84210596475896,
            28.9048536968911,
            20.049777862207044,
            93.86299918167305,
            22.66381092149352,
            32.96336824628982,
            0.0,
            43.57926540174695,
            39.88711979756882,
            61.21251241002984
        ],
        [
            85.3126902191023,
            28.776698850782232,
            83.84381201707691,
            99.83742102163686,
            43.01245664229115,
            43.59769300232179,
            95.76339712070538,
            68.9702352140414,
            54.39726918228102,
            116.07883161769216,
            51.12381106180473,
            76.54217255023205,
            43.57926540174695,
            0.0,
            31.220005848050285,
            85.3126902191023
        ],
        [
            56.65464075934152,
            34.70787645368565,
            60.07634368903405,
            70.56324205537618,
            23.99172565195601,
            24.65692814256697,
            67.42555777160413,
            53.07056555612087,
            37.494937595128754,
            85.83604161153194,
            31.561308890180833,
            67.58313019505104,
            39.88711979756882,
            31.220005848050285,
            0.0,
            56.65464075934152
        ],
        [
            0.0,
            71.18984265219487,
            20.843536510692697,
            14.822019164400091,
            67.83132021776396,
            68.10537866083915,
            61.72624490754206,
            41.28292679466534,
            41.24669091022238,
            32.7511482417166,
            39.324428851209824,
            59.76712497396483,
            61.21251241002984,
            85.3126902191023,
            56.65464075934152,
            0.0
        ]
    ],
    "scores_ave": [
        0,
        14.614967581238417,
        11.341087361377634,
        13.384944653927189,
        10.9805233451287,
        10.656018744870023,
        13.546703125609753,
        14.050495056966763,
        15.229162918417458,
        17.06711597556258,
        13.581787300046383,
        13.253141077107163,
        13.614014092091171,
        19.75548165115533,
        14.215733981009912,
        0
    ],
    "scores_var": [
        0,
        18.992546670261426,
        383.98224161234657,
        306.6948450414658,
        24.791575118638548,
        256.60928371890594,
        367.3771537457594,
        20.892039831024224,
        345.24373715919285,
        371.61723437866254,
        226.46535158765653,
        307.0361863676714,
        287.455506366695,
        296.71779220082425,
        21.73698406168478,
        0
    ],
    "vertex_number": 16,
    "minimum_distances": {
        "cost": 376.181813226977,
        "path": [
            0,
            3,
            9,
            6,
            5,
            4,
            14,
            13,
            1,
            12,
            10,
            8,
            11,
            7,
            2,
            15
        ]
    }
}