{
    "vertices": [
        [
            85.23692545928483,
            6.9116455062806175
        ],
        [
            98.70047030007223,
            39.15829286396356
        ],
        [
            63.792844236986426,
            56.067536271581545
        ],
        [
            79.08421099299454,
            21.775870504840324
        ],
        [
            77.02659397929929,
            57.66904384577892
        ],
        [
            18.4427662423462,
            59.68470414340563
        ],
        [
            84.30784749960311,
            82.12675679272085
        ],
        [
            11.296541698909746,
            81.0585232433981
        ],
        [
            70.01337606228695,
            39.71314786713963
        ],
        [
            69.59036537183849,
            58.65684767052889
        ],
        [
            83.76931920653998,
            2.8062792688339
        ],
        [
            74.24280485627918,
            27.158417404515454
        ],
        [
            94.26351748012745,
            6.502508402451013
        ],
        [
            36.98110807251177,
            95.20524069294166
        ],
        [
            25.557146052275236,
            35.18316122532947
        ],
        [
            85.37742870264468,
            92.25558606434655
        ],
        [
            39.60608137437348,
            35.53560692198639
        ],
        [
            5.460914978354836,
            38.61927385841207
        ],
        [
            71.95576594292518,
            21.26140253533556
        ],
        [
            65.07477305223692,
            25.550072241306022
        ],
        [
            69.04844350825236,
            91.20575846589632
        ],
        [
            13.924483978240476,
            97.67893513861453
        ],
        [
            85.23692545928483,
            6.9116455062806175
        ]
    ],
    "distances": [
        [
            0.0,
            34.944431680750704,
            53.62975122447174,
            16.087295612112843,
            51.41714722936062,
            85.12611481452201,
            75.22084918216994,
            104.71360861318163,
            36.16206594447107,
            54.05904909993324,
            4.3598050480111175,
            23.03915059485886,
            9.035859487645302,
            100.61999236062167,
            66.03752471982693,
            85.34405621447861,
            53.86562075228784,
            85.84629021670268,
            19.55261427256985,
            27.457300319622426,
            85.8345176926355,
            115.43034773051396,
            0.0
        ],
        [
            34.944431680750704,
            0.0,
            38.78743185592853,
            26.209659217041708,
            28.50271595267616,
            82.84100808555108,
            45.314859411384035,
            96.92820044118635,
            28.692459634582093,
            35.037006842443176,
            39.29895883351595,
            27.24287815196429,
            32.9558311854394,
            83.36989885276945,
            73.25126315336027,
            54.74327340061263,
            59.20532624634329,
            93.24111334642001,
            32.18039612226889,
            36.27493878586152,
            59.90143043740422,
            103.01278284308735,
            34.944431680750704
        ],
        [
            53.62975122447174,
            38.78743185592853,
            0.0,
            37.54656093871504,
            13.330302275356603,
            45.49410376667407,
            33.16546898559617,
            58.14130382090499,
            17.497457994603696,
            6.349471224422944,
            56.88427770238394,
            30.739857361655503,
            58.18207555216603,
            47.44079577249046,
            43.56748485676954,
            42.136317285196796,
            31.72632377993138,
            60.88559626276828,
            35.75052777851995,
            30.544376770962767,
            35.529086431783846,
            64.94891739334372,
            53.62975122447174
        ],
        [
            16.087295612112843,
            26.209659217041708,
            37.54656093871504,
            0.0,
            35.95210258465718,
            71.51548426237744,
            60.576528904236994,
            90.05332322599004,
            20.100397148121235,
            38.08332419018047,
            19.539591363019916,
            7.239545877182321,
            21.53339117141137,
            84.64362753187028,
            55.18063179804755,
            70.76012220516552,
            41.80733266370842,
            75.5254258683152,
            7.146985806863248,
            14.50892656827099,
            70.15145024368775,
            100.03531998967253,
            16.087295612112843
        ],
        [
            51.41714722936062,
            28.50271595267616,
            13.330302275356603,
            35.95210258465718,
            0.0,
            58.61849331694243,
            25.51854963398092,
            69.7675248183164,
            19.276914326396163,
            7.501549993075373,
            55.27555771329098,
            30.637359672787905,
            53.991905699342865,
            54.887220873894385,
            56.16688514715118,
            35.58040673198371,
            43.47624401526556,
            74.05768121834362,
            36.759075651658875,
            34.2706049027662,
            34.47262845287349,
            74.7172516079804,
            51.41714722936062
        ],
        [
            85.12611481452201,
            82.84100808555108,
            45.49410376667407,
            71.51548426237744,
            58.61849331694243,
            0.0,
            69.58343665082728,
            22.536829150180296,
            55.302720161820524,
            51.157925931766194,
            86.6182067373593,
            64.58795273374838,
            92.61280830474108,
            40.06717652367074,
            25.513525931283077,
            74.43864176475795,
            32.11019781918282,
            24.744308746302007,
            65.87860990806415,
            57.79028598483945,
            59.619723558084885,
            38.2619453705039,
            85.12611481452201
        ],
        [
            75.22084918216994,
            45.314859411384035,
            33.16546898559617,
            60.576528904236994,
            25.51854963398092,
            69.58343665082728,
            0.0,
            73.01912008260753,
            44.757637736641,
            27.7027239524387,
            79.32230561033816,
            55.882228109738634,
            76.27674815665875,
            49.10058050500153,
            75.20203511440273,
            10.185145377639008,
            64.5676632765347,
            90.05409396184857,
            62.10608076235235,
            59.75644222615861,
            17.756060417580645,
            72.08112174406531,
            75.22084918216994
        ],
        [
            104.71360861318163,
            96.92820044118635,
            58.14130382090499,
            90.05332322599004,
            69.7675248183164,
            22.536829150180296,
            73.01912008260753,
            0.0,
            71.81299814560032,
            62.45001959073025,
            106.6570071149814,
            82.87009988481705,
            111.54424422284049,
            29.32279939564414,
            48.04075016912288,
            74.92230665880761,
            53.60751763552299,
            42.838585732756066,
            85.17767976917634,
            77.2870383708914,
            58.636580265706655,
            16.826888369218654,
            104.71360861318163
        ],
        [
            36.16206594447107,
            28.692459634582093,
            17.497457994603696,
            20.100397148121235,
            19.276914326396163,
            55.302720161820524,
            44.757637736641,
            71.81299814560032,
            0.0,
            18.94842210541986,
            39.38709079788107,
            13.247993240962725,
            41.12196411212378,
            64.57943244358651,
            44.68643156124737,
            54.74268832678015,
            30.69292131071988,
            64.56172854206693,
            18.553700014772232,
            14.999417017802969,
            51.50165085809411,
            80.65975644159666,
            36.16206594447107
        ],
        [
            54.05904909993324,
            35.037006842443176,
            6.349471224422944,
            38.08332419018047,
            7.501549993075373,
            51.157925931766194,
            27.7027239524387,
            62.45001959073025,
            18.94842210541986,
            0.0,
            57.622293625288876,
            31.84016806455792,
            57.69609639697069,
            48.981105480934616,
            49.899282148867606,
            37.122858056284976,
            37.863558477680066,
            67.18698365045354,
            37.470180633684585,
            33.413308027159474,
            32.55342183659069,
            67.9809801466046,
            54.05904909993324
        ],
        [
            4.3598050480111175,
            39.29895883351595,
            56.88427770238394,
            19.539591363019916,
            55.27555771329098,
            86.6182067373593,
            79.32230561033816,
            106.6570071149814,
            39.38709079788107,
            57.622293625288876,
            0.0,
            26.149208543377384,
            11.126109257668027,
            103.56980628241107,
            66.61020633932122,
            89.46376083280428,
            54.96908644363589,
            86.10909797598626,
            21.912362161438335,
            29.44089289899407,
            89.61680703772204,
            117.80968483046769,
            4.3598050480111175
        ],
        [
            23.03915059485886,
            27.24287815196429,
            30.739857361655503,
            7.239545877182321,
            30.637359672787905,
            64.58795273374838,
            55.882228109738634,
            82.87009988481705,
            13.247993240962725,
            31.84016806455792,
            26.149208543377384,
            0.0,
            28.76622169608453,
            77.58095260340468,
            49.34257681323078,
            66.04257123800183,
            35.63537452831979,
            69.7301914943286,
            6.324976787192519,
            9.308038532577608,
            64.25763212916206,
            92.79786234085041,
            23.03915059485886
        ],
        [
            9.035859487645302,
            32.9558311854394,
            58.18207555216603,
            21.53339117141137,
            53.991905699342865,
            92.61280830474108,
            76.27674815665875,
            111.54424422284049,
            41.12196411212378,
            57.69609639697069,
            11.126109257668027,
            28.76622169608453,
            0.0,
            105.59095199561442,
            74.45230232255061,
            86.2122549423711,
            61.88987099113735,
            94.4319269868038,
            26.74809777668767,
            34.85387337832005,
            88.37669674024754,
            121.52160752883543,
            9.035859487645302
        ],
        [
            100.61999236062167,
            83.36989885276945,
            47.44079577249046,
            84.64362753187028,
            54.887220873894385,
            40.06717652367074,
            49.10058050500153,
            29.32279939564414,
            64.57943244358651,
            48.981105480934616,
            103.56980628241107,
            77.58095260340468,
            105.59095199561442,
            0.0,
            61.09956572559382,
            48.486124953048375,
            59.72734448471162,
            64.77263477188049,
            81.79803111707955,
            75.1072333668254,
            32.3157834507034,
            23.188943029708895,
            100.61999236062167
        ],
        [
            66.03752471982693,
            73.25126315336027,
            43.56748485676954,
            55.18063179804755,
            56.16688514715118,
            25.513525931283077,
            75.20203511440273,
            48.04075016912288,
            44.68643156124737,
            49.899282148867606,
            66.61020633932122,
            49.34257681323078,
            74.45230232255061,
            61.09956572559382,
            0.0,
            82.67846087933268,
            14.053355530035939,
            20.38787319471145,
            48.44220569688624,
            40.67479867291558,
            70.92266461423353,
            63.5691795129458,
            66.03752471982693
        ],
        [
            85.34405621447861,
            54.74327340061263,
            42.136317285196796,
            70.76012220516552,
            35.58040673198371,
            74.43864176475795,
            10.185145377639008,
            74.92230665880761,
            54.74268832678015,
            37.122858056284976,
            89.46376083280428,
            66.04257123800183,
            86.2122549423711,
            48.486124953048375,
            82.67846087933268,
            0.0,
            72.88465044270302,
            96.24709425690254,
            72.25174825695593,
            69.72677678521275,
            16.36269829414303,
            71.65846792229182,
            85.34405621447861
        ],
        [
            53.86562075228784,
            59.20532624634329,
            31.72632377993138,
            41.80733266370842,
            43.47624401526556,
            32.11019781918282,
            64.5676632765347,
            53.60751763552299,
            30.69292131071988,
            37.863558477680066,
            54.96908644363589,
            35.63537452831979,
            61.88987099113735,
            59.72734448471162,
            14.053355530035939,
            72.88465044270302,
            0.0,
            34.28412737677023,
            35.35894515616485,
            27.35626360892768,
            62.97633254599987,
            67.24089296445011,
            53.86562075228784
        ],
        [
            85.84629021670268,
            93.24111334642001,
            60.88559626276828,
            75.5254258683152,
            74.05768121834362,
            24.744308746302007,
            90.05409396184857,
            42.838585732756066,
            64.56172854206693,
            67.18698365045354,
            86.10909797598626,
            69.7301914943286,
            94.4319269868038,
            64.77263477188049,
            20.38787319471145,
            96.24709425690254,
            34.28412737677023,
            0.0,
            68.7230740120733,
            61.029633010214994,
            82.51492075930092,
            59.66301694306173,
            85.84629021670268
        ],
        [
            19.55261427256985,
            32.18039612226889,
            35.75052777851995,
            7.146985806863248,
            36.759075651658875,
            65.87860990806415,
            62.10608076235235,
            85.17767976917634,
            18.553700014772232,
            37.470180633684585,
            21.912362161438335,
            6.324976787192519,
            26.74809777668767,
            81.79803111707955,
            48.44220569688624,
            72.25174825695593,
            35.35894515616485,
            68.7230740120733,
            0.0,
            8.108067032814366,
            70.00475305491851,
            95.95451513940314,
            19.55261427256985
        ],
        [
            27.457300319622426,
            36.27493878586152,
            30.544376770962767,
            14.50892656827099,
            34.2706049027662,
            57.79028598483945,
            59.75644222615861,
            77.2870383708914,
            14.999417017802969,
            33.413308027159474,
            29.44089289899407,
            9.308038532577608,
            34.85387337832005,
            75.1072333668254,
            40.67479867291558,
            69.72677678521275,
            27.35626360892768,
            61.029633010214994,
            8.108067032814366,
            0.0,
            65.77582527429713,
            88.42468510100632,
            27.457300319622426
        ],
        [
            85.8345176926355,
            59.90143043740422,
            35.529086431783846,
            70.15145024368775,
            34.47262845287349,
            59.619723558084885,
            17.756060417580645,
            58.636580265706655,
            51.50165085809411,
            32.55342183659069,
            89.61680703772204,
            64.25763212916206,
            88.37669674024754,
            32.3157834507034,
            70.92266461423353,
            16.36269829414303,
            62.97633254599987,
            82.51492075930092,
            70.00475305491851,
            65.77582527429713,
            0.0,
            55.50272903653127,
            85.8345176926355
        ],
        [
            115.43034773051396,
            103.01278284308735,
            64.94891739334372,
            100.03531998967253,
            74.7172516079804,
            38.2619453705039,
            72.08112174406531,
            16.826888369218654,
            80.65975644159666,
            67.9809801466046,
            117.80968483046769,
            92.79786234085041,
            121.52160752883543,
            23.188943029708895,
            63.5691795129458,
            71.65846792229182,
            67.24089296445011,
            59.66301694306173,
            95.95451513940314,
            88.42468510100632,
            55.50272903653127,
            0.0,
            115.43034773051396
        ],
        [
            0.0,
            34.944431680750704,
            53.62975122447174,
            16.087295612112843,
            51.41714722936062,
            85.12611481452201,
            75.22084918216994,
            104.71360861318163,
            36.16206594447107,
            54.05904909993324,
            4.3598050480111175,
            23.03915059485886,
            9.035859487645302,
            100.61999236062167,
            66.03752471982693,
            85.34405621447861,
            53.86562075228784,
            85.84629021670268,
            19.55261427256985,
            27.457300319622426,
            85.8345176926355,
            115.43034773051396,
            0.0
        ]
    ],
    "scores_ave": [
        0,
        11.320695677091345,
        13.807604674353595,
        18.182721627195665,
        19.658870484079983,
        10.59331675991205,
        17.246750391355732,
        12.972470478082508,
        12.731992472654566,
        16.81181371011029,
        13.55722034893114,
        17.156430808768608,
        19.72377290643482,
        18.400188165302126,
        12.856841314511218,
        12.660517110851028,
        12.54259376345172,
        19.254434842121903,
        15.431615266914541,
        19.893686923454478,
        16.293880186517086,
        12.273229324332055,
        0
    ],
    "scores_var": [
        0,
        352.72927512865624,
        247.1350530243526,
        324.374348988478,
        20.068956290007456,
        22.891602120415932,
        20.205339428057584,
        365.3413246378244,
        378.30770910554327,
        317.0909489521222,
        293.19112015138376,
        380.80377976623964,
        17.494304733979867,
        16.054467369104387,
        305.7118697162747,
        23.704767095652237,
        326.4304913646723,
        19.044477947473442,
        307.2377050157639,
        22.384080398123054,
        18.357348988005263,
        19.14260597886408,
        0
    ],
    "vertex_number": 23,
    "minimum_distances": {
        "cost": 388.0150004273567,
        "path": [
            0,
            10,
            12,
            1,
            4,
            9,
            2,
            6,
            15,
            20,
            13,
            21,
            7,
            5,
            17,
            14,
            16,
            8,
            19,
            18,
            11,
            3,
            22
        ]
    }
}