{
    "vertices": [
        [
            10.982591460373282,
            50.17063403425129
        ],
        [
            28.815488759372478,
            68.71677725621511
        ],
        [
            82.02688036394463,
            41.47508483447725
        ],
        [
            59.368185574051545,
            18.311489023207706
        ],
        [
            24.63324985004394,
            34.42096251971124
        ],
        [
            35.989656035156614,
            98.99096855842483
        ],
        [
            18.857452039069766,
            54.30027990483397
        ],
        [
            44.181703519804614,
            30.75517177387611
        ],
        [
            94.74973410875353,
            19.837652784100513
        ],
        [
            70.4463008013429,
            46.404443991084435
        ],
        [
            7.108208671916117,
            50.632118011585156
        ],
        [
            24.9235239221677,
            64.82950433295551
        ],
        [
            45.68059514519778,
            93.60365657452908
        ],
        [
            74.248194764756,
            91.86842122761826
        ],
        [
            41.709098140732216,
            57.42418833118141
        ],
        [
            88.98266242402453,
            27.453765070792425
        ],
        [
            99.20605782359195,
            89.3816523905564
        ],
        [
            40.62584300122831,
            12.457440620746906
        ],
        [
            73.11220903108025,
            78.66762627497181
        ],
        [
            82.50086126392382,
            6.02584835662846
        ],
        [
            39.11914858606641,
            54.02131265986977
        ],
        [
            4.038193834963555,
            57.88902683523786
        ],
        [
            7.178117571687315,
            6.810826479193599
        ],
        [
            10.982591460373282,
            50.17063403425129
        ]
    ],
    "distances": [
        [
            0.0,
            25.728809814801913,
            71.57446165847006,
            57.93246791366928,
            20.842087882153272,
            54.852332144582455,
            8.891985388557973,
            38.4596049943149,
            89.08997664718564,
            59.58285756850343,
            3.9017700409979312,
            20.22948532065376,
            55.59117651836821,
            75.77098401295075,
            31.57106686060285,
            81.24079766864423,
            96.54472527114297,
            47.96881611379204,
            68.3532584903601,
            84.04537475802402,
            28.398830482348878,
            10.382593404834722,
            43.52639351912046,
            0.0
        ],
        [
            25.728809814801913,
            0.0,
            59.77927736679076,
            58.942008487175386,
            34.54987743444682,
            31.112623404395237,
            17.52135529019592,
            40.9536817253403,
            82.07614463991867,
            47.233089323144284,
            28.253511441759926,
            5.500752773388899,
            30.063076615834397,
            50.99146392829117,
            17.139653657786717,
            72.95700762371453,
            73.36122461834023,
            57.485627995013296,
            45.400647826038984,
            82.53648761151317,
            17.947759902747354,
            27.039869137074486,
            65.57836970770681,
            25.728809814801913
        ],
        [
            71.57446165847006,
            59.77927736679076,
            0.0,
            32.40321929206097,
            57.825508775953125,
            73.67158817648638,
            64.45822138008621,
            39.33413207878214,
            25.100786305342474,
            12.586040072261644,
            75.47621231026773,
            61.6945883123271,
            63.54872493496802,
            50.99015887878066,
            43.35778437313147,
            15.6518469192242,
            50.893647473876634,
            50.557586675232734,
            38.24599984019112,
            35.45240506306999,
            44.70437650799968,
            79.69725665617361,
            82.48604790419684,
            71.57446165847006
        ],
        [
            57.93246791366928,
            58.942008487175386,
            32.40321929206097,
            0.0,
            38.288782901595205,
            83.99841701767065,
            54.1877532350597,
            19.633503955821194,
            35.41444835852359,
            30.19832372527148,
            61.44695471718735,
            57.882298370665005,
            76.52620875441498,
            75.04689832924275,
            42.914410355189354,
            30.99352271730058,
            81.47407063865371,
            19.635307173951116,
            61.901223612632585,
            26.192702250075566,
            41.051370295062,
            68.02785815465765,
            53.442197157702,
            57.93246791366928
        ],
        [
            20.842087882153272,
            34.54987743444682,
            57.825508775953125,
            38.288782901595205,
            0.0,
            65.56106803035452,
            20.70137918235635,
            19.889194620975232,
            71.61699719791824,
            47.35440281157666,
            23.87317805983924,
            30.409927231823037,
            62.81386805124809,
            75.90687235610879,
            28.6484378732958,
            64.72548755249814,
            92.63790325854146,
            27.16908776358888,
            65.63517910958782,
            64.45884701949225,
            24.37242269055561,
            31.22349075587149,
            32.66498515277205,
            20.842087882153272
        ],
        [
            54.852332144582455,
            31.112623404395237,
            73.67158817648638,
            83.99841701767065,
            65.56106803035452,
            0.0,
            47.86198978412544,
            68.72578558891092,
            98.57988726553253,
            62.869729875470654,
            56.32687127834464,
            35.90912026171269,
            11.087715330326267,
            38.91588963654609,
            41.95842271176295,
            89.02713186979304,
            63.942571204878426,
            86.65763490267466,
            42.321651462408084,
            103.95097780188,
            45.0784169560184,
            52.06021081542624,
            96.5778615541845,
            54.852332144582455
        ],
        [
            8.891985388557973,
            17.52135529019592,
            64.45822138008621,
            54.1877532350597,
            20.70137918235635,
            47.86198978412544,
            0.0,
            34.578748241629555,
            83.35053176679293,
            52.189592270811495,
            12.308538961862482,
            12.151616976709834,
            47.58399335629321,
            66.9290641063496,
            23.064182912295617,
            75.08848440519078,
            87.67326358131396,
            47.166577620549546,
            59.4755935269618,
            79.88056258605481,
            20.263616895469045,
            15.247606967995095,
            48.90455030226792,
            8.891985388557973
        ],
        [
            38.4596049943149,
            40.9536817253403,
            39.33413207878214,
            19.633503955821194,
            19.889194620975232,
            68.72578558891092,
            34.578748241629555,
            0.0,
            51.73314158773836,
            30.573334644583284,
            42.06586516373092,
            39.13997471590365,
            62.86635600893837,
            68.10890657306173,
            26.783394510301378,
            44.92243542993597,
            80.40363049046174,
            18.640040487610662,
            55.96943313503824,
            45.605890923141985,
            23.810560140072784,
            48.45355983111988,
            44.07490266138643,
            38.4596049943149
        ],
        [
            89.08997664718564,
            82.07614463991867,
            25.100786305342474,
            35.41444835852359,
            71.61699719791824,
            98.57988726553253,
            83.35053176679293,
            51.73314158773836,
            0.0,
            36.00626703177149,
            92.89421978542357,
            83.06603598833561,
            88.59573191657861,
            74.89155304863928,
            65.00812809429397,
            9.553234121505792,
            69.68663216366657,
            54.62474823919429,
            62.68291850594992,
            18.46079162743416,
            65.29383315520144,
            98.36915474895059,
            88.53522590750636,
            89.08997664718564
        ],
        [
            59.58285756850343,
            47.233089323144284,
            12.586040072261644,
            30.19832372527148,
            47.35440281157666,
            62.869729875470654,
            52.189592270811495,
            30.573334644583284,
            36.00626703177149,
            0.0,
            63.47902915309411,
            49.11014216424911,
            53.302024775274894,
            45.62266568135955,
            30.77761495109894,
            26.508959499513065,
            51.712320251468576,
            45.18471800547307,
            32.373136977635106,
            42.13957063564989,
            32.23983799954067,
            67.3938596161572,
            74.6358999199392,
            59.58285756850343
        ],
        [
            3.9017700409979312,
            28.253511441759926,
            75.47621231026773,
            61.44695471718735,
            23.87317805983924,
            56.32687127834464,
            12.308538961862482,
            42.06586516373092,
            92.89421978542357,
            63.47902915309411,
            0.0,
            22.780501219773033,
            57.74410900438917,
            78.79219780835761,
            35.26122191954739,
            85.09208084336693,
            99.91766727136853,
            50.80096263780898,
            71.71135047535334,
            87.6000648252607,
            32.18985732418367,
            7.8795759260202125,
            43.82134729582283,
            3.9017700409979312
        ],
        [
            20.22948532065376,
            5.500752773388899,
            61.6945883123271,
            57.882298370665005,
            30.409927231823037,
            35.90912026171269,
            12.151616976709834,
            39.13997471590365,
            83.06603598833561,
            49.11014216424911,
            22.780501219773033,
            0.0,
            35.479682114968234,
            56.249677159661616,
            18.346503943069624,
            74.16548463398101,
            78.23492070078807,
            54.675368146325894,
            50.13624428901753,
            82.29835801246954,
            17.841882379402943,
            22.008344798003318,
            60.671792675363335,
            20.22948532065376
        ],
        [
            55.59117651836821,
            30.063076615834397,
            63.54872493496802,
            76.52620875441498,
            62.81386805124809,
            11.087715330326267,
            47.58399335629321,
            62.86635600893837,
            88.59573191657861,
            53.302024775274894,
            57.74410900438917,
            35.479682114968234,
            0.0,
            28.620251391847546,
            36.39679533733542,
            79.0624890613505,
            53.69171699867355,
            81.30349858926624,
            31.234251095447018,
            95.00318146938653,
            40.12249407410641,
            54.86004342230566,
            94.94965052730026,
            55.59117651836821
        ],
        [
            75.77098401295075,
            50.99146392829117,
            50.99015887878066,
            75.04689832924275,
            75.90687235610879,
            38.91588963654609,
            66.9290641063496,
            68.10890657306173,
            74.89155304863928,
            45.62266568135955,
            78.79219780835761,
            56.249677159661616,
            28.620251391847546,
            0.0,
            47.38352022519578,
            66.07838122263688,
            25.08144628430726,
            86.23552851960316,
            13.249583048871036,
            86.23835470054888,
            51.637714050521694,
            78.00027867792774,
            108.31984896163506,
            75.77098401295075
        ],
        [
            31.57106686060285,
            17.139653657786717,
            43.35778437313147,
            42.914410355189354,
            28.6484378732958,
            41.95842271176295,
            23.064182912295617,
            26.783394510301378,
            65.00812809429397,
            30.77761495109894,
            35.26122191954739,
            18.346503943069624,
            36.39679533733542,
            47.38352022519578,
            0.0,
            55.97335214594027,
            65.7813034370606,
            44.979793700628825,
            37.91357315346536,
            65.61826948981741,
            4.276377150125824,
            37.673772123975496,
            61.27071908358846,
            31.57106686060285
        ],
        [
            81.24079766864423,
            72.95700762371453,
            15.6518469192242,
            30.99352271730058,
            64.72548755249814,
            89.02713186979304,
            75.08848440519078,
            44.92243542993597,
            9.553234121505792,
            26.508959499513065,
            85.09208084336693,
            74.16548463398101,
            79.0624890613505,
            66.07838122263688,
            55.97335214594027,
            0.0,
            62.76608193431608,
            50.62876387687096,
            53.616516768049806,
            22.386812211394236,
            56.49959820358132,
            90.23229966341476,
            84.36891887534514,
            81.24079766864423
        ],
        [
            96.54472527114297,
            73.36122461834023,
            50.893647473876634,
            81.47407063865371,
            92.63790325854146,
            63.942571204878426,
            87.67326358131396,
            80.40363049046174,
            69.68663216366657,
            51.712320251468576,
            99.91766727136853,
            78.23492070078807,
            53.69171699867355,
            25.08144628430726,
            65.7813034370606,
            62.76608193431608,
            0.0,
            96.69010251851411,
            28.207787939005293,
            85.01325577955326,
            69.71936809515852,
            100.24324316643778,
            123.64094418392604,
            96.54472527114297
        ],
        [
            47.96881611379204,
            57.485627995013296,
            50.557586675232734,
            19.635307173951116,
            27.16908776358888,
            86.65763490267466,
            47.166577620549546,
            18.640040487610662,
            54.62474823919429,
            45.18471800547307,
            50.80096263780898,
            54.675368146325894,
            81.30349858926624,
            86.23552851960316,
            44.979793700628825,
            50.62876387687096,
            96.69010251851411,
            0.0,
            73.75061126656813,
            42.36605402386386,
            41.59117198330986,
            58.33253892535793,
            33.92100511001337,
            47.96881611379204
        ],
        [
            68.3532584903601,
            45.400647826038984,
            38.24599984019112,
            61.901223612632585,
            65.63517910958782,
            42.321651462408084,
            59.4755935269618,
            55.96943313503824,
            62.68291850594992,
            32.373136977635106,
            71.71135047535334,
            50.13624428901753,
            31.234251095447018,
            13.249583048871036,
            37.91357315346536,
            53.616516768049806,
            28.207787939005293,
            73.75061126656813,
            0.0,
            73.2459875343844,
            41.987723601456764,
            72.13161422005106,
            97.52283883002046,
            68.3532584903601
        ],
        [
            84.04537475802402,
            82.53648761151317,
            35.45240506306999,
            26.192702250075566,
            64.45884701949225,
            103.95097780188,
            79.88056258605481,
            45.605890923141985,
            18.46079162743416,
            42.13957063564989,
            87.6000648252607,
            82.29835801246954,
            95.00318146938653,
            86.23835470054888,
            65.61826948981741,
            22.386812211394236,
            85.01325577955326,
            42.36605402386386,
            73.2459875343844,
            0.0,
            64.69573083711077,
            94.05413048862722,
            75.32683391713249,
            84.04537475802402
        ],
        [
            28.398830482348878,
            17.947759902747354,
            44.70437650799968,
            41.051370295062,
            24.37242269055561,
            45.0784169560184,
            20.263616895469045,
            23.810560140072784,
            65.29383315520144,
            32.23983799954067,
            32.18985732418367,
            17.841882379402943,
            40.12249407410641,
            51.637714050521694,
            4.276377150125824,
            56.49959820358132,
            69.71936809515852,
            41.59117198330986,
            41.987723601456764,
            64.69573083711077,
            0.0,
            35.293520640356476,
            57.00052164390553,
            28.398830482348878
        ],
        [
            10.382593404834722,
            27.039869137074486,
            79.69725665617361,
            68.02785815465765,
            31.22349075587149,
            52.06021081542624,
            15.247606967995095,
            48.45355983111988,
            98.36915474895059,
            67.3938596161572,
            7.8795759260202125,
            22.008344798003318,
            54.86004342230566,
            78.00027867792774,
            37.673772123975496,
            90.23229966341476,
            100.24324316643778,
            58.33253892535793,
            72.13161422005106,
            94.05413048862722,
            35.293520640356476,
            0.0,
            51.17461941905031,
            10.382593404834722
        ],
        [
            43.52639351912046,
            65.57836970770681,
            82.48604790419684,
            53.442197157702,
            32.66498515277205,
            96.5778615541845,
            48.90455030226792,
            44.07490266138643,
            88.53522590750636,
            74.6358999199392,
            43.82134729582283,
            60.671792675363335,
            94.94965052730026,
            108.31984896163506,
            61.27071908358846,
            84.36891887534514,
            123.64094418392604,
            33.92100511001337,
            97.52283883002046,
            75.32683391713249,
            57.00052164390553,
            51.17461941905031,
            0.0,
            43.52639351912046
        ],
        [
            0.0,
            25.728809814801913,
            71.57446165847006,
            57.93246791366928,
            20.842087882153272,
            54.852332144582455,
            8.891985388557973,
            38.4596049943149,
            89.08997664718564,
            59.58285756850343,
            3.9017700409979312,
            20.22948532065376,
            55.59117651836821,
            75.77098401295075,
            31.57106686060285,
            81.24079766864423,
            96.54472527114297,
            47.96881611379204,
            68.3532584903601,
            84.04537475802402,
            28.398830482348878,
            10.382593404834722,
            43.52639351912046,
            0.0
        ]
    ],
    "scores_ave": [
        0,
        17.67657434047564,
        13.741837707303942,
        15.167515178779837,
        14.639164065082788,
        14.679280195381569,
        16.628983769647384,
        19.028981031008477,
        13.07279130761111,
        12.863771716807815,
        10.442702410161226,
        19.203683846650705,
        19.789215082479863,
        13.58376341516971,
        17.577670246520633,
        15.731266553079953,
        14.973418241327328,
        19.440567479128035,
        11.077824433797556,
        10.83287290757737,
        15.895173850971219,
        11.33818666020155,
        15.805301891610831,
        0
    ],
    "scores_var": [
        0,
        23.58187503697589,
        353.9374101019967,
        24.837667061915322,
        23.55475608104809,
        357.746362102326,
        381.00402469788816,
        399.4501701036798,
        245.47006092528284,
        22.591401694209214,
        21.285484693468877,
        17.35671144560898,
        324.4498956854621,
        291.40282365472143,
        24.38841049990274,
        242.43328216939238,
        249.59782467527148,
        371.74689174218764,
        21.460968689708533,
        21.400202208466695,
        290.1174555563109,
        328.37327349345924,
        332.6413715401568,
        0
    ],
    "vertex_number": 24,
    "minimum_distances": {
        "cost": 450.1966726528396,
        "path": [
            0,
            6,
            20,
            14,
            11,
            1,
            5,
            12,
            18,
            13,
            16,
            9,
            2,
            15,
            8,
            19,
            3,
            7,
            17,
            22,
            4,
            10,
            21,
            23
        ]
    }
}