{
    "vertices": [
        [
            79.31527360945263,
            89.35914576813245
        ],
        [
            16.49615106569463,
            30.29520006952341
        ],
        [
            3.767953847701022,
            46.476694491751125
        ],
        [
            65.67658322288216,
            55.7636567010818
        ],
        [
            78.42261333659528,
            84.79133717486076
        ],
        [
            12.615312675150891,
            16.151777446163628
        ],
        [
            42.917034431635415,
            34.71076904926702
        ],
        [
            69.1245395380738,
            17.34950946968077
        ],
        [
            12.878167195253676,
            25.714013573177564
        ],
        [
            62.00377109448443,
            53.4856994570178
        ],
        [
            12.740571482421458,
            87.4366529365563
        ],
        [
            5.600214783506175,
            36.477146775227254
        ],
        [
            77.04026442563367,
            41.77701910407492
        ],
        [
            30.199768322392472,
            91.88525646557063
        ],
        [
            17.81027260286767,
            92.8665075194003
        ],
        [
            21.172881515079823,
            46.15790176946246
        ],
        [
            1.7706066130418696,
            79.0898749424096
        ],
        [
            56.51458743434651,
            4.36570747361934
        ],
        [
            51.84464547362801,
            50.162278333124554
        ],
        [
            34.52478825823887,
            19.258876442169036
        ],
        [
            94.18901310275002,
            30.12767711364983
        ],
        [
            79.31527360945263,
            89.35914576813245
        ]
    ],
    "distances": [
        [
            0.0,
            86.22523898868545,
            86.86945464693308,
            36.25838883782689,
            4.654215047406435,
            99.03637496024268,
            65.66031444679976,
            72.72715298118614,
            92.00321712203807,
            39.832050782782645,
            66.60245447421882,
            90.72163862716751,
            47.63648228680278,
            49.18042389873176,
            61.60492460245588,
            72.43538666624488,
            78.22169330100365,
            87.99861273439987,
            47.86470335115785,
            83.18795187747983,
            61.07041022853401,
            0.0
        ],
        [
            86.22523898868545,
            0.0,
            20.58756338561528,
            55.38372676482954,
            82.49070062008812,
            14.666196170666867,
            26.787316536964287,
            54.1972155955129,
            5.837557451629272,
            51.07585283209756,
            57.26473621489615,
            12.527485483434948,
            61.62322476861574,
            63.09615022159707,
            62.58510550763241,
            16.5377481211154,
            50.968244578146134,
            47.68452406885155,
            40.54894395221349,
            21.138405763635298,
            77.69304264507645,
            86.22523898868545
        ],
        [
            86.86945464693308,
            20.58756338561528,
            0.0,
            62.601326329328494,
            83.91263329998121,
            31.58918093340532,
            40.87893726707537,
            71.55331019885077,
            22.67344054536993,
            58.65608716070216,
            41.93120631485652,
            10.16602846110099,
            73.42287413455394,
            52.541205895513244,
            48.46856165352912,
            17.40784696355274,
            32.674285532862264,
            67.49475966595557,
            48.21775405331807,
            41.07057927930164,
            91.88720436510484,
            86.86945464693308
        ],
        [
            36.25838883782689,
            55.38372676482954,
            62.601326329328494,
            0.0,
            31.70279983451761,
            66.21630773643113,
            31.003566563559687,
            38.5685767207869,
            60.75075132984726,
            4.3218790052810485,
            61.687924503249214,
            63.09627175977782,
            18.02107881753405,
            50.6297774538811,
            60.562407739604524,
            45.528562392232175,
            68.0300397170214,
            52.20815407211745,
            14.923067429997802,
            47.98992926928192,
            38.34269300742464,
            36.25838883782689
        ],
        [
            4.654215047406435,
            82.49070062008812,
            83.91263329998121,
            31.70279983451761,
            0.0,
            95.08937890266776,
            61.389815418834466,
            68.07976425177995,
            88.23947293537752,
            35.3499835005924,
            65.7352897431244,
            87.39200607033227,
            43.036524576298795,
            48.74183492819007,
            61.147888150898766,
            69.06572322692728,
            76.86375482849992,
            83.35612462065885,
            43.652721472885844,
            78.87662807379483,
            56.89195982626922,
            4.654215047406435
        ],
        [
            99.03637496024268,
            14.666196170666867,
            31.58918093340532,
            66.21630773643113,
            95.08937890266776,
            0.0,
            35.53351250202363,
            56.5219186037191,
            9.565848224151841,
            61.91156239145302,
            71.28498554008118,
            21.50191239848676,
            69.33417208042789,
            77.7481377577159,
            76.89042475406248,
            31.202555686279748,
            63.86557575110795,
            45.45390819039722,
            51.919694937428545,
            22.12869595111529,
            82.76227626743557,
            99.03637496024268
        ],
        [
            65.66031444679976,
            26.787316536964287,
            40.87893726707537,
            31.003566563559687,
            61.389815418834466,
            35.53351250202363,
            0.0,
            31.436390665815466,
            31.35721853005324,
            26.773149389879958,
            60.75061932047437,
            37.35860167246324,
            34.84719092065205,
            58.5717582851186,
            63.343819008116405,
            24.573258505381865,
            60.51886947147551,
            33.25231134359515,
            17.84520602476317,
            17.583821569163465,
            51.47640749451685,
            65.66031444679976
        ],
        [
            72.72715298118614,
            54.1972155955129,
            71.55331019885077,
            38.5685767207869,
            68.07976425177995,
            56.5219186037191,
            31.436390665815466,
            0.0,
            56.864921793884285,
            36.83109515108308,
            89.95198459760195,
            66.34158834710176,
            25.678043683932653,
            84.08754601264351,
            91.30153879064106,
            55.94001228148135,
            91.36971603970228,
            18.099447680280885,
            37.08466717343241,
            34.652394879172036,
            28.133776913378178,
            72.72715298118614
        ],
        [
            92.00321712203807,
            5.837557451629272,
            22.67344054536993,
            60.75075132984726,
            88.23947293537752,
            9.565848224151841,
            31.35721853005324,
            56.864921793884285,
            0.0,
            56.43218492398471,
            61.72279273138813,
            12.992829854682377,
            66.14223210390146,
            68.40081323735689,
            67.33337290637753,
            22.062521393297864,
            54.51935875443677,
            48.578671704804215,
            46.00113128164877,
            22.588603295126493,
            81.43054763441732,
            92.00321712203807
        ],
        [
            39.832050782782645,
            51.07585283209756,
            58.65608716070216,
            4.3218790052810485,
            35.3499835005924,
            61.91156239145302,
            26.773149389879958,
            36.83109515108308,
            56.43218492398471,
            0.0,
            59.829174139275466,
            58.91224005972731,
            19.057526788780496,
            49.86000973506054,
            59.193862456970514,
            41.483227487688,
            65.44927735074889,
            49.42574986486148,
            10.688917688291976,
            43.89270909165278,
            39.767914339626884,
            39.832050782782645
        ],
        [
            66.60245447421882,
            57.26473621489615,
            41.93120631485652,
            61.687924503249214,
            65.7352897431244,
            71.28498554008118,
            60.75061932047437,
            89.95198459760195,
            61.72279273138813,
            59.829174139275466,
            0.0,
            51.45732175302439,
            78.86223858290894,
            18.017037149742812,
            7.428673518299587,
            42.13121349310653,
            13.784369122995583,
            93.89859664907478,
            54.023213573303046,
            71.57346790714021,
            99.5899962458607,
            66.60245447421882
        ],
        [
            90.72163862716751,
            12.527485483434948,
            10.16602846110099,
            63.09627175977782,
            87.39200607033227,
            21.50191239848676,
            37.35860167246324,
            66.34158834710176,
            12.992829854682377,
            58.91224005972731,
            51.45732175302439,
            0.0,
            71.63636883295891,
            60.62340021616783,
            57.696148199759705,
            18.336438214415324,
            42.78446564571611,
            60.194832639101904,
            48.226861764067124,
            33.661547557375954,
            88.816051210527,
            90.72163862716751
        ],
        [
            47.63648228680278,
            61.62322476861574,
            73.42287413455394,
            18.02107881753405,
            43.036524576298795,
            69.33417208042789,
            34.84719092065205,
            25.678043683932653,
            66.14223210390146,
            19.057526788780496,
            78.86223858290894,
            71.63636883295891,
            0.0,
            68.5920369042482,
            78.21974020581118,
            56.03888476943788,
            84.01053861294432,
            42.672117991279926,
            26.554317666116532,
            48.11062733619528,
            20.731298801589375,
            47.63648228680278
        ],
        [
            49.18042389873176,
            63.09615022159707,
            52.541205895513244,
            50.6297774538811,
            48.74183492819007,
            77.7481377577159,
            58.5717582851186,
            84.08754601264351,
            68.40081323735689,
            49.86000973506054,
            18.017037149742812,
            60.62340021616783,
            68.5920369042482,
            0.0,
            12.428292634741316,
            46.60982356688042,
            31.17593661495445,
            91.390049571326,
            47.00327234494054,
            72.75504706031751,
            88.93043379501368,
            49.18042389873176
        ],
        [
            61.60492460245588,
            62.58510550763241,
            48.46856165352912,
            60.562407739604524,
            61.147888150898766,
            76.89042475406248,
            63.343819008116405,
            91.30153879064106,
            67.33337290637753,
            59.193862456970514,
            7.428673518299587,
            57.696148199759705,
            78.21974020581118,
            12.428292634741316,
            0.0,
            46.82948846399686,
            21.14394689329729,
            96.59407639869815,
            54.60759770489737,
            75.48151022863433,
            98.84266710803533,
            61.60492460245588
        ],
        [
            72.43538666624488,
            16.5377481211154,
            17.40784696355274,
            45.528562392232175,
            69.06572322692728,
            31.202555686279748,
            24.573258505381865,
            55.94001228148135,
            22.062521393297864,
            41.483227487688,
            42.13121349310653,
            18.336438214415324,
            56.03888476943788,
            46.60982356688042,
            46.82948846399686,
            0.0,
            38.22254738289903,
            54.73229102956894,
            30.932056769515054,
            30.03050078231113,
            74.75509062628306,
            72.43538666624488
        ],
        [
            78.22169330100365,
            50.968244578146134,
            32.674285532862264,
            68.0300397170214,
            76.86375482849992,
            63.86557575110795,
            60.51886947147551,
            91.36971603970228,
            54.51935875443677,
            65.44927735074889,
            13.784369122995583,
            42.78446564571611,
            84.01053861294432,
            31.17593661495445,
            21.14394689329729,
            38.22254738289903,
            0.0,
            92.63155315586144,
            57.82918997704369,
            68.20985850140981,
            104.58708655622614,
            78.22169330100365
        ],
        [
            87.99861273439987,
            47.68452406885155,
            67.49475966595557,
            52.20815407211745,
            83.35612462065885,
            45.45390819039722,
            33.25231134359515,
            18.099447680280885,
            48.578671704804215,
            49.42574986486148,
            93.89859664907478,
            60.194832639101904,
            42.672117991279926,
            91.390049571326,
            96.59407639869815,
            54.73229102956894,
            92.63155315586144,
            0.0,
            46.03405544166364,
            26.558572057460392,
            45.64034869693607,
            87.99861273439987
        ],
        [
            47.86470335115785,
            40.54894395221349,
            48.21775405331807,
            14.923067429997802,
            43.652721472885844,
            51.919694937428545,
            17.84520602476317,
            37.08466717343241,
            46.00113128164877,
            10.688917688291976,
            54.023213573303046,
            48.226861764067124,
            26.554317666116532,
            47.00327234494054,
            54.60759770489737,
            30.932056769515054,
            57.82918997704369,
            46.03405544166364,
            0.0,
            35.42594673957748,
            46.844751210072765,
            47.86470335115785
        ],
        [
            83.18795187747983,
            21.138405763635298,
            41.07057927930164,
            47.98992926928192,
            78.87662807379483,
            22.12869595111529,
            17.583821569163465,
            34.652394879172036,
            22.588603295126493,
            43.89270909165278,
            71.57346790714021,
            33.661547557375954,
            48.11062733619528,
            72.75504706031751,
            75.48151022863433,
            30.03050078231113,
            68.20985850140981,
            26.558572057460392,
            35.42594673957748,
            0.0,
            60.64610914422098,
            83.18795187747983
        ],
        [
            61.07041022853401,
            77.69304264507645,
            91.88720436510484,
            38.34269300742464,
            56.89195982626922,
            82.76227626743557,
            51.47640749451685,
            28.133776913378178,
            81.43054763441732,
            39.767914339626884,
            99.5899962458607,
            88.816051210527,
            20.731298801589375,
            88.93043379501368,
            98.84266710803533,
            74.75509062628306,
            104.58708655622614,
            45.64034869693607,
            46.844751210072765,
            60.64610914422098,
            0.0,
            61.07041022853401
        ],
        [
            0.0,
            86.22523898868545,
            86.86945464693308,
            36.25838883782689,
            4.654215047406435,
            99.03637496024268,
            65.66031444679976,
            72.72715298118614,
            92.00321712203807,
            39.832050782782645,
            66.60245447421882,
            90.72163862716751,
            47.63648228680278,
            49.18042389873176,
            61.60492460245588,
            72.43538666624488,
            78.22169330100365,
            87.99861273439987,
            47.86470335115785,
            83.18795187747983,
            61.07041022853401,
            0.0
        ]
    ],
    "scores_ave": [
        0,
        17.236889493502687,
        18.019354065317014,
        13.403353514159194,
        19.834490738766398,
        15.147006651039352,
        13.467135902295384,
        11.057843748873534,
        17.02583825775493,
        10.653337009363037,
        11.511414397763177,
        16.97492139748764,
        11.65436674664397,
        17.227909633070748,
        12.594913678015958,
        19.64996873425156,
        15.608819600104647,
        13.87648319164342,
        11.062894459016958,
        15.70849487731713,
        19.130493461206452,
        0
    ],
    "scores_var": [
        0,
        24.71843749340301,
        334.0317330485959,
        325.42848910706493,
        317.2095958720123,
        16.70893205827407,
        17.790286020847493,
        18.782867465458803,
        376.3702772919685,
        360.39180335085643,
        21.384438005633577,
        331.94974515305796,
        297.4225848580799,
        23.87259536991794,
        329.91450318984096,
        18.639086177626435,
        304.634331154552,
        350.02375127070803,
        324.0177166979115,
        238.86529616560136,
        361.1266940775304,
        0
    ],
    "vertex_number": 22,
    "minimum_distances": {
        "cost": 419.2910721710016,
        "path": [
            0,
            13,
            14,
            10,
            16,
            15,
            6,
            1,
            2,
            11,
            8,
            5,
            19,
            17,
            7,
            20,
            12,
            18,
            9,
            3,
            4,
            21
        ]
    }
}