{
    "vertices": [
        [
            39.97689616926869,
            77.38222081945591
        ],
        [
            81.2552655815734,
            16.479918866938803
        ],
        [
            6.4254158446844345,
            55.43142826622316
        ],
        [
            48.81904092223475,
            9.474914855768969
        ],
        [
            40.44644111944821,
            26.31293899381778
        ],
        [
            86.36569174948156,
            25.72094714274832
        ],
        [
            67.44290470355676,
            72.71029900597749
        ],
        [
            79.5650313335159,
            43.87849182721034
        ],
        [
            58.07715791603919,
            71.24821924700635
        ],
        [
            49.41028591642438,
            25.598336744507964
        ],
        [
            68.49085713646707,
            5.34265193121346
        ],
        [
            79.53029873531109,
            84.62912289021776
        ],
        [
            15.916647106374738,
            57.71756009355053
        ],
        [
            55.43962567404207,
            7.819191736239917
        ],
        [
            27.158155891766533,
            82.7323420754641
        ],
        [
            39.97689616926869,
            77.38222081945591
        ]
    ],
    "distances": [
        [
            0.0,
            73.57305324950339,
            40.09412831931906,
            68.48054999106094,
            51.071440342393835,
            69.43203549718571,
            27.860518269350997,
            51.862513457877675,
            19.111395830561857,
            52.63610445321149,
            77.47738673731028,
            40.211804786338824,
            31.07401593668663,
            71.26086597123377,
            13.890424750742751,
            0.0
        ],
        [
            73.57305324950339,
            0.0,
            84.3606928381217,
            33.18401349064929,
            41.97676069917919,
            10.559974394474233,
            57.901959928877716,
            27.450659228379727,
            59.47092904500822,
            33.12473810407755,
            16.940154596434553,
            68.1710313815715,
            77.26369210814559,
            27.229679731273887,
            85.5329226543355,
            73.57305324950339
        ],
        [
            40.09412831931906,
            84.3606928381217,
            0.0,
            62.5237600601656,
            44.7807612513823,
            85.28282594006511,
            63.41682206389521,
            74.04642931443749,
            54.01919414370732,
            52.323153620814935,
            79.75590584704273,
            78.71994203382191,
            9.762677378404272,
            68.33240689880145,
            34.280991885875835,
            40.09412831931906
        ],
        [
            68.48054999106094,
            33.18401349064929,
            62.5237600601656,
            0.0,
            18.80477291357531,
            40.9106899650051,
            65.92087765472849,
            46.14024311596639,
            62.46322010338113,
            16.13425870765131,
            20.10114300342619,
            81.18704540594176,
            58.39452318798734,
            6.824482508176471,
            76.39269980274354,
            68.48054999106094
        ],
        [
            51.071440342393835,
            41.97676069917919,
            44.7807612513823,
            18.80477291357531,
            0.0,
            45.92306645658095,
            53.6798291925939,
            42.88137995306189,
            48.27029714217837,
            8.99228391005285,
            35.0177413495453,
            70.20203152598778,
            39.84922860911607,
            23.807861531756284,
            57.963156991156936,
            51.071440342393835
        ],
        [
            69.43203549718571,
            10.559974394474233,
            85.28282594006511,
            40.9106899650051,
            45.92306645658095,
            0.0,
            50.656401945971034,
            19.389311773797363,
            53.600127347805476,
            36.95560923047695,
            27.106911077640056,
            59.303421212885496,
            77.37474479085473,
            35.73365933593846,
            82.19386506617572,
            69.43203549718571
        ],
        [
            27.860518269350997,
            57.901959928877716,
            63.41682206389521,
            65.92087765472849,
            53.6798291925939,
            50.656401945971034,
            0.0,
            31.27649371694937,
            9.47918193250287,
            50.4451417725054,
            67.37579741043221,
            16.975377971121183,
            53.663185165133086,
            65.99192761355721,
            41.51267678812918,
            27.860518269350997
        ],
        [
            51.862513457877675,
            27.450659228379727,
            74.04642931443749,
            46.14024311596639,
            42.88137995306189,
            19.389311773797363,
            31.27649371694937,
            0.0,
            34.796992442443006,
            35.26290885643514,
            40.09548965452956,
            40.75064586465745,
            65.13552506279669,
            43.385577341840595,
            65.23880955904056,
            51.862513457877675
        ],
        [
            19.111395830561857,
            59.47092904500822,
            54.01919414370732,
            62.46322010338113,
            48.27029714217837,
            53.600127347805476,
            9.47918193250287,
            34.796992442443006,
            0.0,
            46.465325165650306,
            66.72322635087461,
            25.28410238312641,
            44.27852085220136,
            63.48384130854984,
            32.982870756137665,
            19.111395830561857
        ],
        [
            52.63610445321149,
            33.12473810407755,
            52.323153620814935,
            16.13425870765131,
            8.99228391005285,
            36.95560923047695,
            50.4451417725054,
            35.26290885643514,
            46.465325165650306,
            0.0,
            27.827342045884496,
            66.27102598564794,
            46.40547757844698,
            18.773676654768824,
            61.314369080925914,
            52.63610445321149
        ],
        [
            77.47738673731028,
            16.940154596434553,
            79.75590584704273,
            20.10114300342619,
            35.0177413495453,
            27.106911077640056,
            67.37579741043221,
            40.09548965452956,
            66.72322635087461,
            27.827342045884496,
            0.0,
            80.05131946412452,
            74.21036696649264,
            13.284121803554525,
            87.7357186829104,
            77.47738673731028
        ],
        [
            40.211804786338824,
            68.1710313815715,
            78.71994203382191,
            81.18704540594176,
            70.20203152598778,
            59.303421212885496,
            16.975377971121183,
            40.75064586465745,
            25.28410238312641,
            66.27102598564794,
            80.05131946412452,
            0.0,
            69.07191097491541,
            80.49923013559676,
            52.406479785269426,
            40.211804786338824
        ],
        [
            31.07401593668663,
            77.26369210814559,
            9.762677378404272,
            58.39452318798734,
            39.84922860911607,
            77.37474479085473,
            53.663185165133086,
            65.13552506279669,
            44.27852085220136,
            46.40547757844698,
            74.21036696649264,
            69.07191097491541,
            0.0,
            63.65463847656468,
            27.424639238734002,
            31.07401593668663
        ],
        [
            71.26086597123377,
            27.229679731273887,
            68.33240689880145,
            6.824482508176471,
            23.807861531756284,
            35.73365933593846,
            65.99192761355721,
            43.385577341840595,
            63.48384130854984,
            18.773676654768824,
            13.284121803554525,
            80.49923013559676,
            63.65463847656468,
            0.0,
            80.0738510800684,
            71.26086597123377
        ],
        [
            13.890424750742751,
            85.5329226543355,
            34.280991885875835,
            76.39269980274354,
            57.963156991156936,
            82.19386506617572,
            41.51267678812918,
            65.23880955904056,
            32.982870756137665,
            61.314369080925914,
            87.7357186829104,
            52.406479785269426,
            27.424639238734002,
            80.0738510800684,
            0.0,
            13.890424750742751
        ],
        [
            0.0,
            73.57305324950339,
            40.09412831931906,
            68.48054999106094,
            51.071440342393835,
            69.43203549718571,
            27.860518269350997,
            51.862513457877675,
            19.111395830561857,
            52.63610445321149,
            77.47738673731028,
            40.211804786338824,
            31.07401593668663,
            71.26086597123377,
            13.890424750742751,
            0.0
        ]
    ],
    "scores_ave": [
        0,
        18.301429033017826,
        11.21512538447966,
        14.936047541282594,
        12.537987571991158,
        11.312729206844853,
        18.604588525324584,
        17.890562105472643,
        15.1341147854204,
        13.386709185260385,
        16.325643584309148,
        15.04906841171259,
        11.620180958882155,
        16.463248130784205,
        11.566115580604324,
        0
    ],
    "scores_var": [
        0,
        240.815628419784,
        372.9043504892013,
        22.863958702681963,
        16.001526822129595,
        16.017795609705423,
        24.770807893813362,
        321.97401067595416,
        23.270846055092804,
        18.250542611935053,
        232.68286260333915,
        17.407308146663773,
        17.377954668269258,
        362.5768002890111,
        23.97616786084591,
        0
    ],
    "vertex_number": 16,
    "minimum_distances": {
        "cost": 274.29969191224797,
        "path": [
            0,
            8,
            6,
            11,
            7,
            5,
            1,
            10,
            13,
            3,
            9,
            4,
            2,
            12,
            14,
            15
        ]
    }
}