{
    "vertices": [
        [
            32.648880240725866,
            8.06148172394553
        ],
        [
            3.691446483155769,
            74.57044401889047
        ],
        [
            17.446244501448017,
            8.43949180391973
        ],
        [
            21.920097982993546,
            59.16318909044078
        ],
        [
            57.772628713725446,
            44.603750750377
        ],
        [
            28.898442076608422,
            73.84061086070368
        ],
        [
            64.2042229054779,
            85.63367628254586
        ],
        [
            4.295250419227214,
            98.04780290890714
        ],
        [
            97.8557816792362,
            70.09952130918013
        ],
        [
            44.55252971752063,
            36.25010864642887
        ],
        [
            17.54103357601614,
            58.18351836131339
        ],
        [
            56.201609254874775,
            46.418710501601076
        ],
        [
            27.577415659671622,
            33.04018415935958
        ],
        [
            96.75164059638293,
            83.32406180469349
        ],
        [
            87.57770940868058,
            8.318461083110307
        ],
        [
            6.550873775824617,
            89.03659608137399
        ],
        [
            8.69932455250214,
            67.38375261793843
        ],
        [
            94.23489956563462,
            30.095578801421453
        ],
        [
            51.48583680368497,
            49.43737635079156
        ],
        [
            39.70468259456887,
            95.9841228048693
        ],
        [
            13.934078578775654,
            18.883556565683058
        ],
        [
            15.438650564977452,
            93.8783898094348
        ],
        [
            3.426433211492419,
            2.656165565063806
        ],
        [
            32.648880240725866,
            8.06148172394553
        ]
    ],
    "distances": [
        [
            0.0,
            72.53947225734736,
            15.207334580449338,
            52.2158143142932,
            44.34568933881445,
            65.88595917502585,
            83.7447611455622,
            94.34758250457533,
            90.00365743007745,
            30.59894701850619,
            52.34945642050189,
            45.011199089952484,
            25.488337104523858,
            98.86161967935686,
            54.929430291542154,
            85.07687750876053,
            63.97431548429108,
            65.40901474802742,
            45.462023588118846,
            88.20530120974271,
            21.618536146702965,
            87.52561750050852,
            29.71815696091907,
            0.0
        ],
        [
            72.53947225734736,
            0.0,
            67.54626051368616,
            23.867702862503865,
            61.82860969571656,
            25.217559027136833,
            61.515780239362414,
            23.485122091312626,
            94.27041515128697,
            56.0185346661587,
            21.45559123281581,
            59.5805110278596,
            47.909310238215994,
            93.47098775947244,
            106.89354681426369,
            14.74604624762026,
            8.759416421769112,
            100.8768086936293,
            53.999767004315245,
            41.89867318144416,
            56.62102918944879,
            22.600742784045092,
            71.91476675599161,
            72.53947225734736
        ],
        [
            15.207334580449338,
            67.54626051368616,
            0.0,
            50.920613030372685,
            54.167064612942,
            66.39622883251833,
            90.25104244135848,
            90.5681956563054,
            101.32942764930473,
            38.83530748398845,
            49.744116869347906,
            54.262319799815614,
            26.605162908808108,
            109.07357459061888,
            70.13156934269881,
            81.33020546610962,
            59.58971800155063,
            79.78398116545698,
            53.287150246763446,
            90.32995341213078,
            11.01879295641258,
            85.46248139277584,
            15.165815869613011,
            15.207334580449338
        ],
        [
            52.2158143142932,
            23.867702862503865,
            50.920613030372685,
            0.0,
            38.696010189374746,
            16.25189207788056,
            49.8862096440255,
            42.69248696734901,
            76.71917244610012,
            32.20615192244782,
            4.487310978522146,
            36.573812346889866,
            26.72857328635681,
            78.6352817774174,
            83.04281006966181,
            33.595140987591705,
            15.568124961279443,
            77.93815815023505,
            31.12433686779628,
            40.890984451448716,
            41.06367375496334,
            35.31507215895997,
            59.45636504511665,
            52.2158143142932
        ],
        [
            44.34568933881445,
            61.82860969571656,
            54.167064612942,
            38.696010189374746,
            0.0,
            41.09151546324227,
            41.530954636544365,
            75.60487219998828,
            47.504667855313606,
            15.638233719647198,
            42.46164546613322,
            2.4004543400470677,
            32.33368156713053,
            54.942022673827516,
            46.95705571551775,
            67.8081552847935,
            54.102843422375116,
            39.24263305358658,
            7.930175847049886,
            54.464606024672555,
            50.826635407361664,
            64.96272593032943,
            68.65208568168953,
            44.34568933881445
        ],
        [
            65.88595917502585,
            25.217559027136833,
            66.39622883251833,
            16.25189207788056,
            41.09151546324227,
            0.0,
            37.22330656967511,
            34.51528917144455,
            69.05874626797576,
            40.71972883739232,
            19.342576699700313,
            38.69655743433661,
            40.82180703748913,
            68.51271700327605,
            87.95685604946422,
            27.024651261117647,
            21.20602195414838,
            78.62875114792908,
            33.25219173381705,
            24.639601363524854,
            56.95796688507336,
            24.138735939041734,
            75.60455335277429,
            65.88595917502585
        ],
        [
            83.7447611455622,
            61.515780239362414,
            90.25104244135848,
            49.8862096440255,
            41.530954636544365,
            37.22330656967511,
            0.0,
            61.18166003185656,
            37.06396334231206,
            53.15003102185876,
            54.13838202511963,
            40.02318536100657,
            64.09054862250053,
            32.62926167388012,
            80.77104909960269,
            57.75368844518028,
            58.428190584153555,
            63.13732503432307,
            38.365733067201994,
            26.59622564683444,
            83.5623473392352,
            49.45762172645434,
            102.85527213009637,
            83.7447611455622
        ],
        [
            94.34758250457533,
            23.485122091312626,
            90.5681956563054,
            42.69248696734901,
            75.60487219998828,
            34.51528917144455,
            61.18166003185656,
            0.0,
            97.6456832329661,
            73.75366806240585,
            42.00728453409236,
            73.21088218548631,
            69.05106598576076,
            93.6214325712567,
            122.42272158313045,
            9.289224144965386,
            30.978699927828476,
            112.72375636809137,
            67.7489853316706,
            35.469517371285484,
            79.74888655887285,
            11.897872599854063,
            95.39559381061467,
            94.34758250457533
        ],
        [
            90.00365743007745,
            94.27041515128697,
            101.32942764930473,
            76.71917244610012,
            47.504667855313606,
            69.05874626797576,
            37.06396334231206,
            97.6456832329661,
            0.0,
            63.142849217527086,
            81.19390302933627,
            47.91503814944516,
            79.45088545991138,
            13.270553825983185,
            62.630169824582396,
            93.24805096181974,
            89.19780965346345,
            40.16747693650501,
            50.76510634326616,
            63.651888576423495,
            98.3154479005664,
            85.77889069145928,
            116.04097589244074,
            90.00365743007745
        ],
        [
            30.59894701850619,
            56.0185346661587,
            38.83530748398845,
            32.20615192244782,
            15.638233719647198,
            40.71972883739232,
            53.15003102185876,
            73.75366806240585,
            63.142849217527086,
            0.0,
            34.79504829028841,
            15.46290780405208,
            17.27594027801873,
            70.29014328119023,
            51.29661804698281,
            65.04259458255534,
            47.484272212487596,
            50.06212252130221,
            14.898817961757363,
            59.93041022059063,
            35.20066308052975,
            64.56498082638414,
            53.1028137256129,
            30.59894701850619
        ],
        [
            52.34945642050189,
            21.45559123281581,
            49.744116869347906,
            4.487310978522146,
            42.46164546613322,
            19.342576699700313,
            54.13838202511963,
            42.00728453409236,
            81.19390302933627,
            34.79504829028841,
            0.0,
            40.41102344406417,
            27.072425456915767,
            83.10455576659719,
            85.97476315203315,
            32.75203836761684,
            12.760099091827843,
            81.67546405839211,
            35.05345441227399,
            43.81909440090898,
            39.46513805233831,
            35.756731702198636,
            57.29318329443198,
            52.34945642050189
        ],
        [
            45.011199089952484,
            59.5805110278596,
            54.262319799815614,
            36.573812346889866,
            2.4004543400470677,
            38.69655743433661,
            40.02318536100657,
            73.21088218548631,
            47.91503814944516,
            15.46290780405208,
            40.41102344406417,
            0.0,
            31.596351467625478,
            54.829827617839165,
            49.356748946956166,
            65.4330169325947,
            51.92302035595641,
            41.388111824096875,
            5.599183272627323,
            52.238670408314235,
            50.44530554699497,
            62.56228865024597,
            68.55931406987997,
            45.011199089952484
        ],
        [
            25.488337104523858,
            47.909310238215994,
            26.605162908808108,
            26.72857328635681,
            32.33368156713053,
            40.82180703748913,
            64.09054862250053,
            69.05106598576076,
            79.45088545991138,
            17.27594027801873,
            27.072425456915767,
            31.596351467625478,
            0.0,
            85.51924781384389,
            64.89375040653853,
            59.81399177226921,
            39.19008826629104,
            66.72249142071746,
            28.99104195026909,
            64.10156016447606,
            19.660893965661746,
            62.03738296176756,
            38.81312328518244,
            25.488337104523858
        ],
        [
            98.86161967935686,
            93.47098775947244,
            109.07357459061888,
            78.6352817774174,
            54.942022673827516,
            68.51271700327605,
            32.62926167388012,
            93.6214325712567,
            13.270553825983185,
            70.29014328119023,
            83.10455576659719,
            54.829827617839165,
            85.51924781384389,
            0.0,
            75.56454957876912,
            90.38147698991747,
            89.4835393670859,
            53.287947870465715,
            56.54467653148895,
            58.4348574207973,
            104.93487167762278,
            81.99509855765228,
            123.35681504140936,
            98.86161967935686
        ],
        [
            54.929430291542154,
            106.89354681426369,
            70.13156934269881,
            83.04281006966181,
            46.95705571551775,
            87.95685604946422,
            80.77104909960269,
            122.42272158313045,
            62.630169824582396,
            51.29661804698281,
            85.97476315203315,
            49.356748946956166,
            64.89375040653853,
            75.56454957876912,
            0.0,
            114.37117386068823,
            98.54191119322599,
            22.77193529112155,
            54.71186764245928,
            99.88540905186572,
            74.39761827079683,
            111.91311457782322,
            84.3415607879599,
            54.929430291542154
        ],
        [
            85.07687750876053,
            14.74604624762026,
            81.33020546610962,
            33.595140987591705,
            67.8081552847935,
            27.024651261117647,
            57.75368844518028,
            9.289224144965386,
            93.24805096181974,
            65.04259458255534,
            32.75203836761684,
            65.4330169325947,
            59.81399177226921,
            90.38147698991747,
            114.37117386068823,
            0.0,
            21.759169809343607,
            105.65288399614906,
            59.893648290834015,
            33.873930488851244,
            70.54048955353521,
            10.121044548804873,
            86.43691864604577,
            85.07687750876053
        ],
        [
            63.97431548429108,
            8.759416421769112,
            59.58971800155063,
            15.568124961279443,
            54.102843422375116,
            21.20602195414838,
            58.428190584153555,
            30.978699927828476,
            89.19780965346345,
            47.484272212487596,
            12.760099091827843,
            51.92302035595641,
            39.19008826629104,
            89.4835393670859,
            98.54191119322599,
            21.759169809343607,
            0.0,
            93.309927121384,
            46.39782378239986,
            42.18190846970104,
            48.78187846754975,
            27.33833050885604,
            64.9420041943699,
            63.97431548429108
        ],
        [
            65.40901474802742,
            100.8768086936293,
            79.78398116545698,
            77.93815815023505,
            39.24263305358658,
            78.62875114792908,
            63.13732503432307,
            112.72375636809137,
            40.16747693650501,
            50.06212252130221,
            81.67546405839211,
            41.388111824096875,
            66.72249142071746,
            53.287947870465715,
            22.77193529112155,
            105.65288399614906,
            93.309927121384,
            0.0,
            46.92107734766893,
            85.52686591829371,
            81.07978350845704,
            101.37601213629146,
            94.86358079024308,
            65.40901474802742
        ],
        [
            45.462023588118846,
            53.999767004315245,
            53.287150246763446,
            31.12433686779628,
            7.930175847049886,
            33.25219173381705,
            38.365733067201994,
            67.7489853316706,
            50.76510634326616,
            14.898817961757363,
            35.05345441227399,
            5.599183272627323,
            28.99104195026909,
            56.54467653148895,
            54.71186764245928,
            59.893648290834015,
            46.39782378239986,
            46.92107734766893,
            0.0,
            48.01453113338891,
            48.41147022393486,
            57.22240219493912,
            67.068531788134,
            45.462023588118846
        ],
        [
            88.20530120974271,
            41.89867318144416,
            90.32995341213078,
            40.890984451448716,
            54.464606024672555,
            24.639601363524854,
            26.59622564683444,
            35.469517371285484,
            63.651888576423495,
            59.93041022059063,
            43.81909440090898,
            52.238670408314235,
            64.10156016447606,
            58.4348574207973,
            99.88540905186572,
            33.873930488851244,
            42.18190846970104,
            85.52686591829371,
            48.01453113338891,
            0.0,
            81.29342744491686,
            24.35722525061544,
            100.13100908737339,
            88.20530120974271
        ],
        [
            21.618536146702965,
            56.62102918944879,
            11.01879295641258,
            41.06367375496334,
            50.826635407361664,
            56.95796688507336,
            83.5623473392352,
            79.74888655887285,
            98.3154479005664,
            35.20066308052975,
            39.46513805233831,
            50.44530554699497,
            19.660893965661746,
            104.93487167762278,
            74.39761827079683,
            70.54048955353521,
            48.78187846754975,
            81.07978350845704,
            48.41147022393486,
            81.29342744491686,
            0.0,
            75.00992434418124,
            19.33232603313858,
            21.618536146702965
        ],
        [
            87.52561750050852,
            22.600742784045092,
            85.46248139277584,
            35.31507215895997,
            64.96272593032943,
            24.138735939041734,
            49.45762172645434,
            11.897872599854063,
            85.77889069145928,
            64.56498082638414,
            35.756731702198636,
            62.56228865024597,
            62.03738296176756,
            81.99509855765228,
            111.91311457782322,
            10.121044548804873,
            27.33833050885604,
            101.37601213629146,
            57.22240219493912,
            24.35722525061544,
            75.00992434418124,
            0.0,
            92.00971449709903,
            87.52561750050852
        ],
        [
            29.71815696091907,
            71.91476675599161,
            15.165815869613011,
            59.45636504511665,
            68.65208568168953,
            75.60455335277429,
            102.85527213009637,
            95.39559381061467,
            116.04097589244074,
            53.1028137256129,
            57.29318329443198,
            68.55931406987997,
            38.81312328518244,
            123.35681504140936,
            84.3415607879599,
            86.43691864604577,
            64.9420041943699,
            94.86358079024308,
            67.068531788134,
            100.13100908737339,
            19.33232603313858,
            92.00971449709903,
            0.0,
            29.71815696091907
        ],
        [
            0.0,
            72.53947225734736,
            15.207334580449338,
            52.2158143142932,
            44.34568933881445,
            65.88595917502585,
            83.7447611455622,
            94.34758250457533,
            90.00365743007745,
            30.59894701850619,
            52.34945642050189,
            45.011199089952484,
            25.488337104523858,
            98.86161967935686,
            54.929430291542154,
            85.07687750876053,
            63.97431548429108,
            65.40901474802742,
            45.462023588118846,
            88.20530120974271,
            21.618536146702965,
            87.52561750050852,
            29.71815696091907,
            0.0
        ]
    ],
    "scores_ave": [
        0,
        18.809316940649484,
        13.208157331164335,
        15.058864117057901,
        11.53661423679244,
        18.033843763222507,
        18.144506287415584,
        12.323207191576223,
        10.861571908736071,
        17.51340295299187,
        12.386329748869981,
        15.29229684144822,
        13.858058533048931,
        13.177708578281512,
        13.203081434096656,
        15.911366670548901,
        14.819509674547366,
        16.12729711784324,
        18.388841822896886,
        11.110429458015284,
        16.485566760694148,
        15.327893208513418,
        12.001442428763685,
        0
    ],
    "scores_var": [
        0,
        373.2078414703234,
        16.465282106482384,
        17.52232324084606,
        246.15697535045518,
        19.92463823283503,
        254.50296093907738,
        21.62307805005814,
        23.449114323706027,
        259.62254903340454,
        21.14237156969397,
        18.156961536661882,
        398.96954248611024,
        16.16356327272942,
        375.21163051834657,
        22.847609453165852,
        357.0575387651262,
        18.89691282281427,
        23.411955394097063,
        398.8928430206847,
        398.90047234162546,
        24.498628330949096,
        20.55133423494646,
        0
    ],
    "vertex_number": 24,
    "minimum_distances": {
        "cost": 499.56168093135256,
        "path": [
            0,
            2,
            22,
            20,
            16,
            1,
            15,
            7,
            21,
            19,
            5,
            10,
            3,
            18,
            11,
            4,
            6,
            13,
            8,
            17,
            14,
            9,
            12,
            23
        ]
    }
}