{
    "vertices": [
        [
            2.66583540808798,
            72.89630211770186
        ],
        [
            86.08832197728225,
            47.380615699822656
        ],
        [
            91.39029725617127,
            10.488074759132694
        ],
        [
            55.4344632881405,
            64.08812949557424
        ],
        [
            78.83737517862683,
            45.59061595319797
        ],
        [
            58.89932820002964,
            46.010679968629034
        ],
        [
            72.46889575748341,
            56.369993166068966
        ],
        [
            5.296405914266633,
            92.63627094156632
        ],
        [
            44.9798179595879,
            36.34137734063394
        ],
        [
            77.34216184862657,
            91.76266240446122
        ],
        [
            66.80008427696532,
            79.35491725268122
        ],
        [
            54.749464085099355,
            55.794845017085294
        ],
        [
            4.821790229281331,
            17.545330254116553
        ],
        [
            50.23041619821659,
            2.327884427879534
        ],
        [
            26.553321530774543,
            77.60601508699787
        ],
        [
            71.56817696097649,
            2.3273538913221925
        ],
        [
            96.73019436106345,
            16.3156268311726
        ],
        [
            15.870638973696416,
            34.6212135594685
        ],
        [
            46.713943571507976,
            90.76995368130821
        ],
        [
            17.43553282445648,
            47.88117447356974
        ],
        [
            2.66583540808798,
            72.89630211770186
        ]
    ],
    "distances": [
        [
            0.0,
            87.23738601518814,
            108.47496011647503,
            53.498710202066135,
            80.91788410437559,
            62.33010821363998,
            71.7327409326185,
            19.914473890994906,
            55.91722136181066,
            77.02268030342552,
            64.45863470037881,
            54.81937806222386,
            55.39294384156199,
            85.10165051857632,
            24.347348716332505,
            98.62813556611704,
            109.77010722921737,
            40.488877995653475,
            47.53633613346274,
            29.04996682998632,
            0.0
        ],
        [
            87.23738601518814,
            0.0,
            37.27157789681617,
            34.911317216185076,
            7.468622936649549,
            27.223484467038414,
            16.318629776644883,
            92.60349902942612,
            42.56493728556141,
            45.23562077266991,
            37.341559600223725,
            32.44877916023831,
            86.57016483740576,
            57.58070859169998,
            66.76818887973468,
            47.33530406451231,
            32.83721945052651,
            71.3675370835462,
            58.59160627011934,
            68.6546139567351,
            87.23738601518814
        ],
        [
            108.47496011647503,
            37.27157789681617,
            0.0,
            64.54291490230453,
            37.279541989755614,
            48.14061228398418,
            49.63033217071295,
            118.9978330156448,
            53.12556675376981,
            82.47974724347122,
            73.12537568719856,
            58.26880886612684,
            86.8556921795352,
            41.96098801204821,
            93.32015503132511,
            21.43627341865863,
            7.904104265707316,
            79.28194734905321,
            91.87576754417879,
            82.87068895818507,
            108.47496011647503
        ],
        [
            53.498710202066135,
            34.911317216185076,
            64.54291490230453,
            0.0,
            29.830425612187632,
            18.406506193650436,
            18.701377434655264,
            57.6959372681148,
            29.65100106393561,
            35.29627498677718,
            19.03292276247048,
            8.321525782530065,
            68.75954359500652,
            61.979109197663156,
            31.888141684204275,
            63.833299461298644,
            63.1470459773649,
            49.33148415737884,
            28.070753570337132,
            41.31082312747073,
            53.498710202066135
        ],
        [
            80.91788410437559,
            7.468622936649549,
            37.279541989755614,
            29.830425612187632,
            0.0,
            19.942471539350596,
            12.52008399472183,
            87.3015911288343,
            35.098185077759226,
            46.19625024176553,
            35.84584235993777,
            26.160155803013993,
            79.15077299266811,
            51.86542240393551,
            61.30748769561522,
            43.86970579981168,
            34.31002719891192,
            63.91508160971753,
            55.43543465841941,
            61.44455144942988,
            80.91788410437559
        ],
        [
            62.33010821363998,
            27.223484467038414,
            48.14061228398418,
            18.406506193650436,
            19.942471539350596,
            0.0,
            17.071863800386733,
            71.04378235390624,
            16.94839752441261,
            49.32932200829965,
            34.267478848646164,
            10.627852928405586,
            61.111833938667075,
            44.534668086223604,
            45.2164720946861,
            45.48332338455558,
            48.09335313045259,
            44.51053854562716,
            46.38831945470266,
            41.505964350204124,
            62.33010821363998
        ],
        [
            71.7327409326185,
            16.318629776644883,
            49.63033217071295,
            18.701377434655264,
            12.52008399472183,
            17.071863800386733,
            0.0,
            76.33731915273547,
            34.011686962889954,
            35.726597350060125,
            23.673659600259985,
            17.728763470292183,
            77.99670080567793,
            58.43885257239587,
            50.58862108809238,
            54.050144811376626,
            46.82908148172623,
            60.633093977958694,
            42.97295481523117,
            55.68420852012163,
            71.7327409326185
        ],
        [
            19.914473890994906,
            92.60349902942612,
            118.9978330156448,
            57.6959372681148,
            87.3015911288343,
            71.04378235390624,
            76.33731915273547,
            0.0,
            68.87589010023062,
            72.0510523172942,
            62.921354149060974,
            61.6676221902287,
            75.09244058741555,
            100.86956902308826,
            26.03392119103703,
            112.0162851395073,
            119.10070691292714,
            58.97085117109334,
            41.45956543072951,
            46.372158263352105,
            19.914473890994906
        ],
        [
            55.91722136181066,
            42.56493728556141,
            53.12556675376981,
            29.65100106393561,
            35.098185077759226,
            16.94839752441261,
            34.011686962889954,
            68.87589010023062,
            0.0,
            64.17819053322089,
            48.2316145067378,
            21.768862856301396,
            44.33913144465789,
            34.41636939000808,
            45.19188089668004,
            43.17284592885963,
            55.48992828578524,
            29.15995995653457,
            54.45619445123322,
            29.863934125877236,
            55.91722136181066
        ],
        [
            77.02268030342552,
            45.23562077266991,
            82.47974724347122,
            35.29627498677718,
            46.19625024176553,
            49.32932200829965,
            35.726597350060125,
            72.0510523172942,
            64.17819053322089,
            0.0,
            16.28150912165219,
            42.47486174016003,
            103.76616351837684,
            93.45387238596904,
            52.72491786720312,
            89.6215002682011,
            77.89833747584339,
            83.92790537519676,
            30.644301679755177,
            74.25893336204415,
            77.02268030342552
        ],
        [
            64.45863470037881,
            37.341559600223725,
            73.12537568719856,
            19.03292276247048,
            35.84584235993777,
            34.267478848646164,
            23.673659600259985,
            62.921354149060974,
            48.2316145067378,
            16.28150912165219,
            0.0,
            26.46307712181457,
            87.5313314076412,
            78.78907085397682,
            40.28474364239274,
            77.174997409987,
            69.78369169436037,
            67.78578497746274,
            23.103162231744637,
            58.54447390346133,
            64.45863470037881
        ],
        [
            54.81937806222386,
            32.44877916023831,
            58.26880886612684,
            8.321525782530065,
            26.160155803013993,
            10.627852928405586,
            17.728763470292183,
            61.6676221902287,
            21.768862856301396,
            42.47486174016003,
            26.46307712181457,
            0.0,
            62.895134917221526,
            53.657596558657204,
            35.64757487911985,
            56.05034977664949,
            57.62803469730812,
            44.27059646250585,
            35.88631794986146,
            38.14388086699211,
            54.81937806222386
        ],
        [
            55.39294384156199,
            86.57016483740576,
            86.8556921795352,
            68.75954359500652,
            79.15077299266811,
            61.111833938667075,
            77.99670080567793,
            75.09244058741555,
            44.33913144465789,
            103.76616351837684,
            87.5313314076412,
            62.895134917221526,
            0.0,
            47.89064595368411,
            63.87131840898918,
            68.45923565389538,
            91.91663027199911,
            20.33870323385835,
            84.3611165626834,
            32.85376609711994,
            55.39294384156199
        ],
        [
            85.10165051857632,
            57.58070859169998,
            41.96098801204821,
            61.979109197663156,
            51.86542240393551,
            44.534668086223604,
            58.43885257239587,
            100.86956902308826,
            34.41636939000808,
            93.45387238596904,
            78.78907085397682,
            53.657596558657204,
            47.89064595368411,
            0.0,
            78.91388830505251,
            21.337760769355462,
            48.55807148904138,
            47.15350885480091,
            88.51194943939865,
            56.130264648274256,
            85.10165051857632
        ],
        [
            24.347348716332505,
            66.76818887973468,
            93.32015503132511,
            31.888141684204275,
            61.30748769561522,
            45.2164720946861,
            50.58862108809238,
            26.03392119103703,
            45.19188089668004,
            52.72491786720312,
            40.28474364239274,
            35.64757487911985,
            63.87131840898918,
            78.91388830505251,
            0.0,
            87.7109687599864,
            93.17352184386048,
            44.29235677830197,
            24.077789773649904,
            31.09180310607231,
            24.347348716332505
        ],
        [
            98.62813556611704,
            47.33530406451231,
            21.43627341865863,
            63.833299461298644,
            43.86970579981168,
            45.48332338455558,
            54.050144811376626,
            112.0162851395073,
            43.17284592885963,
            89.6215002682011,
            77.174997409987,
            56.05034977664949,
            68.45923565389538,
            21.337760769355462,
            87.7109687599864,
            0.0,
            28.78886763111794,
            64.38252177501619,
            91.86852766312197,
            70.74951399727573,
            98.62813556611704
        ],
        [
            109.77010722921737,
            32.83721945052651,
            7.904104265707316,
            63.1470459773649,
            34.31002719891192,
            48.09335313045259,
            46.82908148172623,
            119.10070691292714,
            55.48992828578524,
            77.89833747584339,
            69.78369169436037,
            57.62803469730812,
            91.91663027199911,
            48.55807148904138,
            93.17352184386048,
            28.78886763111794,
            0.0,
            82.90574288256417,
            89.6943260733394,
            85.34651220858122,
            109.77010722921737
        ],
        [
            40.488877995653475,
            71.3675370835462,
            79.28194734905321,
            49.33148415737884,
            63.91508160971753,
            44.51053854562716,
            60.633093977958694,
            58.97085117109334,
            29.15995995653457,
            83.92790537519676,
            67.78578497746274,
            44.27059646250585,
            20.33870323385835,
            47.15350885480091,
            44.29235677830197,
            64.38252177501619,
            82.90574288256417,
            0.0,
            64.06239502066151,
            13.351983231252177,
            40.488877995653475
        ],
        [
            47.53633613346274,
            58.59160627011934,
            91.87576754417879,
            28.070753570337132,
            55.43543465841941,
            46.38831945470266,
            42.97295481523117,
            41.45956543072951,
            54.45619445123322,
            30.644301679755177,
            23.103162231744637,
            35.88631794986146,
            84.3611165626834,
            88.51194943939865,
            24.077789773649904,
            91.86852766312197,
            89.6943260733394,
            64.06239502066151,
            0.0,
            51.92949756933144,
            47.53633613346274
        ],
        [
            29.04996682998632,
            68.6546139567351,
            82.87068895818507,
            41.31082312747073,
            61.44455144942988,
            41.505964350204124,
            55.68420852012163,
            46.372158263352105,
            29.863934125877236,
            74.25893336204415,
            58.54447390346133,
            38.14388086699211,
            32.85376609711994,
            56.130264648274256,
            31.09180310607231,
            70.74951399727573,
            85.34651220858122,
            13.351983231252177,
            51.92949756933144,
            0.0,
            29.04996682998632
        ],
        [
            0.0,
            87.23738601518814,
            108.47496011647503,
            53.498710202066135,
            80.91788410437559,
            62.33010821363998,
            71.7327409326185,
            19.914473890994906,
            55.91722136181066,
            77.02268030342552,
            64.45863470037881,
            54.81937806222386,
            55.39294384156199,
            85.10165051857632,
            24.347348716332505,
            98.62813556611704,
            109.77010722921737,
            40.488877995653475,
            47.53633613346274,
            29.04996682998632,
            0.0
        ]
    ],
    "scores_ave": [
        0,
        19.17339409508092,
        19.40394010516639,
        16.83347869838583,
        12.510126638301566,
        12.401787468378913,
        16.777653863679777,
        16.575408348597204,
        13.011279580602356,
        10.101855105223477,
        18.80354473882958,
        11.528543906761548,
        19.795953798158585,
        17.631676718219346,
        17.592308951533848,
        11.954978285885883,
        14.649854059061715,
        14.001008318740329,
        15.36113263896343,
        18.9838794608386,
        0
    ],
    "scores_var": [
        0,
        23.73320085984001,
        23.86170711399344,
        16.475242720995524,
        270.8102592848403,
        24.76828591658181,
        255.90777175445345,
        281.6214234918147,
        21.050499658311637,
        16.923902024697714,
        17.838502283195208,
        24.051915716315065,
        19.238697926328662,
        19.17731684087293,
        344.86414574586024,
        24.767698228428497,
        272.759921394883,
        322.100288097994,
        21.964943116577867,
        235.17717041258896,
        0
    ],
    "vertex_number": 21,
    "minimum_distances": {
        "cost": 434.1021228583921,
        "path": [
            0,
            19,
            17,
            12,
            8,
            5,
            13,
            15,
            2,
            16,
            1,
            4,
            6,
            11,
            3,
            10,
            9,
            18,
            14,
            7,
            20
        ]
    }
}