{
    "vertices": [
        [
            2.9080458135930742,
            88.61662297966953
        ],
        [
            3.9503314148754187,
            65.90587346735803
        ],
        [
            43.95658565223209,
            52.5436943742981
        ],
        [
            66.48142171211937,
            22.2799719676961
        ],
        [
            76.48675363299564,
            6.552485001639963
        ],
        [
            92.62009352628286,
            34.193464791888395
        ],
        [
            90.02273611282006,
            82.43724265118908
        ],
        [
            5.6195444261842304,
            82.32516734777282
        ],
        [
            52.1784927586842,
            89.44242097466416
        ],
        [
            34.885750487675985,
            26.000265968361436
        ],
        [
            43.30419932705948,
            92.22021615511494
        ],
        [
            9.574800075701317,
            50.15513305705868
        ],
        [
            46.78076579328555,
            71.06307803715306
        ],
        [
            40.850707908674465,
            29.90537082665511
        ],
        [
            77.95806749217986,
            50.902056973221455
        ],
        [
            26.769218294334774,
            38.855862274677264
        ],
        [
            21.206680658663167,
            76.48065980640106
        ],
        [
            2.9080458135930742,
            88.61662297966953
        ]
    ],
    "distances": [
        [
            0.0,
            22.73465422401663,
            54.64648937537121,
            91.88103934229129,
            110.21954902126069,
            104.9291744556116,
            87.33357892113573,
            6.850885978777387,
            49.27736685840241,
            70.30918689325355,
            40.55656669958221,
            39.035007614427776,
            47.254020976689944,
            69.904626000261,
            83.99341785527646,
            55.18594801301512,
            21.95726848531351,
            0.0
        ],
        [
            22.73465422401663,
            0.0,
            42.17876489679406,
            76.24537058353302,
            93.72490208353295,
            94.1700779276177,
            87.64556473421162,
            16.50392327928572,
            53.66492909869657,
            50.49215447050925,
            47.34101341055486,
            16.724845924230507,
            43.139806073022754,
            51.552633063378785,
            75.51330683182717,
            35.38933036865373,
            20.238767139823146,
            22.73465422401663
        ],
        [
            54.64648937537121,
            42.17876489679406,
            0.0,
            37.72613329548447,
            56.33296697686331,
            52.00834475673057,
            54.915521001264665,
            48.54549270980261,
            37.8036477234101,
            28.050555112575452,
            39.68188489148298,
            34.464654424449876,
            18.733487788480286,
            22.850386640179497,
            34.041089005331656,
            21.971853455790313,
            33.02327196560184,
            54.64648937537121
        ],
        [
            91.88103934229129,
            76.24537058353302,
            37.72613329548447,
            0.0,
            18.640292731456,
            28.72562402247558,
            64.59946361851375,
            85.49616128809419,
            68.66853961794003,
            31.81394391732195,
            73.6805360626692,
            63.36709076348982,
            52.61090458656049,
            26.740983486631798,
            30.83726882239249,
            43.03276937131254,
            70.622352974439,
            91.88103934229129
        ],
        [
            110.21954902126069,
            93.72490208353295,
            56.33296697686331,
            18.640292731456,
            0.0,
            32.00481869777198,
            77.08254838304786,
            103.74806374429322,
            86.3807445692941,
            45.92232188409543,
            91.86970159552315,
            79.86488869520963,
            71.02156241119027,
            42.60616189264298,
            44.37397095747364,
            59.29031542667972,
            89.13941944825953,
            110.21954902126069
        ],
        [
            104.9291744556116,
            94.1700779276177,
            52.00834475673057,
            28.72562402247558,
            32.00481869777198,
            0.0,
            48.31364577084637,
            99.42714083512007,
            68.46875369051283,
            58.31280196544647,
            76.15222448778964,
            84.56533342984314,
            58.826969562170476,
            51.94667493766381,
            22.229531261518275,
            66.01572327181691,
            82.99447210264388,
            104.9291744556116
        ],
        [
            87.33357892113573,
            87.64556473421162,
            54.915521001264665,
            64.59946361851375,
            77.08254838304786,
            48.31364577084637,
            0.0,
            84.40326609654763,
            38.48713133491169,
            78.9000603353722,
            47.731836859490116,
            86.6833606436656,
            44.712857410175566,
            71.954749079533,
            33.764243878247214,
            76.81369820504442,
            69.07336945202847,
            87.33357892113573
        ],
        [
            6.850885978777387,
            16.50392327928572,
            48.54549270980261,
            85.49616128809419,
            103.74806374429322,
            99.42714083512007,
            84.40326609654763,
            0.0,
            47.09979797215588,
            63.47444629639644,
            38.9620996084367,
            32.41226856483144,
            42.674123307595835,
            63.159084442741396,
            78.86871233246312,
            48.341381737254686,
            16.64683406329891,
            6.850885978777387
        ],
        [
            49.27736685840241,
            53.66492909869657,
            37.8036477234101,
            68.66853961794003,
            86.3807445692941,
            68.46875369051283,
            38.48713133491169,
            47.09979797215588,
            0.0,
            65.75671803774316,
            9.2988832649471,
            57.95313297956271,
            19.155565854540313,
            60.60510745749614,
            46.367511587355956,
            56.60946166421175,
            33.57469876770456,
            49.27736685840241
        ],
        [
            70.30918689325355,
            50.49215447050925,
            28.050555112575452,
            31.81394391732195,
            45.92232188409543,
            58.31280196544647,
            78.9000603353722,
            63.47444629639644,
            65.75671803774316,
            0.0,
            66.75291816540631,
            34.987166430422306,
            46.60631309884872,
            7.1295554551874885,
            49.7526249296075,
            15.20343550769054,
            52.30092841843822,
            70.30918689325355
        ],
        [
            40.55656669958221,
            47.34101341055486,
            39.68188489148298,
            73.6805360626692,
            91.86970159552315,
            76.15222448778964,
            47.731836859490116,
            38.9620996084367,
            9.2988832649471,
            66.75291816540631,
            0.0,
            53.91793384305355,
            21.4408723641694,
            62.363126673138844,
            53.926624750542594,
            55.8673416481324,
            27.12994591506704,
            40.55656669958221
        ],
        [
            39.035007614427776,
            16.724845924230507,
            34.464654424449876,
            63.36709076348982,
            79.86488869520963,
            84.56533342984314,
            86.6833606436656,
            32.41226856483144,
            57.95313297956271,
            34.987166430422306,
            53.91793384305355,
            0.0,
            42.678168286241004,
            37.25902952526421,
            68.38734647498872,
            20.57477917477737,
            28.780792284553712,
            39.035007614427776
        ],
        [
            47.254020976689944,
            43.139806073022754,
            18.733487788480286,
            52.61090458656049,
            71.02156241119027,
            58.826969562170476,
            44.712857410175566,
            42.674123307595835,
            19.155565854540313,
            46.60631309884872,
            21.4408723641694,
            42.678168286241004,
            0.0,
            41.58271815718536,
            37.12803403850212,
            37.91789525373782,
            26.14161476839948,
            47.254020976689944
        ],
        [
            69.904626000261,
            51.552633063378785,
            22.850386640179497,
            26.740983486631798,
            42.60616189264298,
            51.94667493766381,
            71.954749079533,
            63.159084442741396,
            60.60510745749614,
            7.1295554551874885,
            62.363126673138844,
            37.25902952526421,
            41.58271815718536,
            0.0,
            42.635864766613814,
            16.68531231112784,
            50.54844557596239,
            69.904626000261
        ],
        [
            83.99341785527646,
            75.51330683182717,
            34.041089005331656,
            30.83726882239249,
            44.37397095747364,
            22.229531261518275,
            33.764243878247214,
            78.86871233246312,
            46.367511587355956,
            49.7526249296075,
            53.926624750542594,
            68.38734647498872,
            37.12803403850212,
            42.635864766613814,
            0.0,
            52.587157071997716,
            62.24937614486587,
            83.99341785527646
        ],
        [
            55.18594801301512,
            35.38933036865373,
            21.971853455790313,
            43.03276937131254,
            59.29031542667972,
            66.01572327181691,
            76.81369820504442,
            48.341381737254686,
            56.60946166421175,
            15.20343550769054,
            55.8673416481324,
            20.57477917477737,
            37.91789525373782,
            16.68531231112784,
            52.587157071997716,
            0.0,
            38.033764134666875,
            55.18594801301512
        ],
        [
            21.95726848531351,
            20.238767139823146,
            33.02327196560184,
            70.622352974439,
            89.13941944825953,
            82.99447210264388,
            69.07336945202847,
            16.64683406329891,
            33.57469876770456,
            52.30092841843822,
            27.12994591506704,
            28.780792284553712,
            26.14161476839948,
            50.54844557596239,
            62.24937614486587,
            38.033764134666875,
            0.0,
            21.95726848531351
        ],
        [
            0.0,
            22.73465422401663,
            54.64648937537121,
            91.88103934229129,
            110.21954902126069,
            104.9291744556116,
            87.33357892113573,
            6.850885978777387,
            49.27736685840241,
            70.30918689325355,
            40.55656669958221,
            39.035007614427776,
            47.254020976689944,
            69.904626000261,
            83.99341785527646,
            55.18594801301512,
            21.95726848531351,
            0.0
        ]
    ],
    "scores_ave": [
        0,
        18.949933194107732,
        15.270830177950486,
        11.866602687702144,
        13.40520835396189,
        17.44189462055969,
        10.638566364769563,
        19.24009346363027,
        16.952919802829946,
        17.378293211838674,
        17.158102080159633,
        10.891417684283477,
        15.298053346051645,
        12.859589263193518,
        18.65674152301395,
        14.975437554850792,
        18.585614222065118,
        0
    ],
    "scores_var": [
        0,
        277.54225313350975,
        252.15733852331942,
        264.85062125314363,
        24.914940605759387,
        280.52762531855996,
        231.44501856156813,
        21.939563612164857,
        243.68545122429407,
        251.64233027407656,
        17.269829025326647,
        362.8960439097692,
        236.13698817028714,
        16.060472535039246,
        23.138185390284697,
        17.743701158898574,
        19.60620107643842,
        0
    ],
    "vertex_number": 18,
    "minimum_distances": {
        "cost": 380.69431990440205,
        "path": [
            0,
            7,
            1,
            11,
            15,
            9,
            13,
            2,
            12,
            3,
            4,
            5,
            14,
            6,
            8,
            10,
            16,
            17
        ]
    }
}