{
    "vertices": [
        [
            22.436395022968824,
            68.52949157506467
        ],
        [
            55.15837655461454,
            36.34153548029821
        ],
        [
            57.44610843506012,
            7.8490196078561
        ],
        [
            28.288589406203023,
            23.290763518870715
        ],
        [
            7.50970080165504,
            40.31076768788827
        ],
        [
            91.00218048323765,
            14.601486943573395
        ],
        [
            44.741379172898235,
            4.012567211298279
        ],
        [
            68.14329918878414,
            33.943777719310866
        ],
        [
            57.71616261538366,
            44.272759885128025
        ],
        [
            28.201435011930233,
            37.134771366063
        ],
        [
            36.884712124333596,
            74.20095435436646
        ],
        [
            22.436395022968824,
            68.52949157506467
        ]
    ],
    "distances": [
        [
            0.0,
            45.899810379956655,
            70.05569007125652,
            45.61568475032932,
            31.92338607036074,
            87.23242871385479,
            68.26379602167283,
            57.31747282753406,
            42.81414525191856,
            31.919651362065686,
            15.521577146623835,
            0.0
        ],
        [
            45.899810379956655,
            0.0,
            28.584212039133995,
            29.8715267468893,
            47.8137125240076,
            41.921450242718564,
            33.96580668538124,
            13.204448420730985,
            8.333462071218229,
            26.968609910526794,
            42.03882026404487,
            45.899810379956655
        ],
        [
            70.05569007125652,
            28.584212039133995,
            0.0,
            32.99406569265935,
            59.56013680089284,
            34.22872750223722,
            13.271341779032243,
            28.202239111760132,
            36.42474138613027,
            41.38727074438272,
            69.46474114867144,
            70.05569007125652
        ],
        [
            45.61568475032932,
            29.8715267468893,
            32.99406569265935,
            0.0,
            26.85968640087946,
            63.31270040978767,
            25.34448942039216,
            41.25390409898858,
            36.14175198430924,
            13.844282182965015,
            51.630813054723,
            45.61568475032932
        ],
        [
            31.92338607036074,
            47.8137125240076,
            59.56013680089284,
            26.85968640087946,
            0.0,
            87.36109706138932,
            51.9976656416268,
            60.96697314638172,
            50.362547493394125,
            20.934058786220135,
            44.8490361378729,
            31.92338607036074
        ],
        [
            87.23242871385479,
            41.921450242718564,
            34.22872750223722,
            63.31270040978767,
            87.36109706138932,
            0.0,
            47.45721187523838,
            29.944159138087272,
            44.59084461491313,
            66.72093028890373,
            80.50339680552099,
            87.23242871385479
        ],
        [
            68.26379602167283,
            33.96580668538124,
            13.271341779032243,
            25.34448942039216,
            51.9976656416268,
            47.45721187523838,
            0.0,
            37.99377873948424,
            42.29926854584236,
            37.02229275609295,
            70.6267435668474,
            68.26379602167283
        ],
        [
            57.31747282753406,
            13.204448420730985,
            28.202239111760132,
            41.25390409898858,
            60.96697314638172,
            29.944159138087272,
            37.99377873948424,
            0.0,
            14.676956418212695,
            40.069127197580166,
            50.96802464184679,
            57.31747282753406
        ],
        [
            42.81414525191856,
            8.333462071218229,
            36.42474138613027,
            36.14175198430924,
            50.362547493394125,
            44.59084461491313,
            42.29926854584236,
            14.676956418212695,
            0.0,
            30.365605964715403,
            36.46431342764627,
            42.81414525191856
        ],
        [
            31.919651362065686,
            26.968609910526794,
            41.38727074438272,
            13.844282182965015,
            20.934058786220135,
            66.72093028890373,
            37.02229275609295,
            40.069127197580166,
            30.365605964715403,
            0.0,
            38.069689028585266,
            31.919651362065686
        ],
        [
            15.521577146623835,
            42.03882026404487,
            69.46474114867144,
            51.630813054723,
            44.8490361378729,
            80.50339680552099,
            70.6267435668474,
            50.96802464184679,
            36.46431342764627,
            38.069689028585266,
            0.0,
            15.521577146623835
        ],
        [
            0.0,
            45.899810379956655,
            70.05569007125652,
            45.61568475032932,
            31.92338607036074,
            87.23242871385479,
            68.26379602167283,
            57.31747282753406,
            42.81414525191856,
            31.919651362065686,
            15.521577146623835,
            0.0
        ]
    ],
    "scores_ave": [
        0,
        15.424224528533957,
        10.461051421633034,
        12.485295470697336,
        14.275588607196852,
        19.59729086507849,
        11.511335161934758,
        19.020759558908143,
        16.068838286533037,
        15.001532208138808,
        19.929380146798323,
        0
    ],
    "scores_var": [
        0,
        23.01992715429635,
        241.81798008142442,
        355.4651879294787,
        393.0207039003086,
        22.069237776502224,
        372.9737369967439,
        16.634102413726847,
        278.5897889173767,
        359.60691047069076,
        244.56606614243586,
        0
    ],
    "vertex_number": 12,
    "minimum_distances": {
        "cost": 265.1420848861559,
        "path": [
            0,
            10,
            9,
            1,
            8,
            7,
            5,
            2,
            6,
            3,
            4,
            11
        ]
    }
}