{
    "vertices": [
        [
            59.10760162481127,
            90.83962495604392
        ],
        [
            97.26854743811015,
            14.305940519017868
        ],
        [
            66.6970330691041,
            13.38306838345169
        ],
        [
            9.059272792271699,
            27.648685444084787
        ],
        [
            60.71857330400402,
            44.9458412461879
        ],
        [
            55.20108940958074,
            28.133755428131636
        ],
        [
            2.1407195001112433,
            59.69821237524881
        ],
        [
            91.74496504618088,
            69.03765319446885
        ],
        [
            0.3285209691189839,
            55.94793373962812
        ],
        [
            83.67261290113889,
            81.80502598003714
        ],
        [
            44.13464031218878,
            84.4658142124848
        ],
        [
            10.82506664246321,
            93.3396069363921
        ],
        [
            63.63235189429675,
            90.29339501521262
        ],
        [
            42.81253159794208,
            40.83681123033082
        ],
        [
            93.57825087613617,
            78.20982579020341
        ],
        [
            47.79401255980154,
            14.122686472332102
        ],
        [
            87.37937341279459,
            21.024888935186148
        ],
        [
            26.577261755109483,
            81.58380652710683
        ],
        [
            83.47372197631209,
            60.31944500783739
        ],
        [
            74.89121909292493,
            39.171219077897234
        ],
        [
            38.23277099532001,
            57.18026876243615
        ],
        [
            64.28246113392103,
            49.66540146810646
        ],
        [
            53.44787303729215,
            43.37672556574136
        ],
        [
            22.26836549157063,
            28.29085948985507
        ],
        [
            59.10760162481127,
            90.83962495604392
        ]
    ],
    "distances": [
        [
            0.0,
            85.51995462388774,
            77.82748631255414,
            80.60973920894477,
            45.92204931139514,
            62.827437564644505,
            64.9231332926621,
            39.24950272030299,
            68.35503228490268,
            26.173722655811993,
            16.273138414700448,
            48.34721392411076,
            4.557601578623288,
            52.590975344339576,
            36.71154432569313,
            77.54666948261242,
            75.32191212186441,
            33.82149001489675,
            39.05367082688554,
            54.0254268504067,
            39.606954101244746,
            41.49814273884609,
            47.79915633375096,
            72.59116599301159,
            0.0
        ],
        [
            85.51995462388774,
            0.0,
            30.585440716016304,
            89.21269514861861,
            47.69385836535625,
            44.28181895702561,
            105.40285571307591,
            55.009729456056704,
            105.50556540388786,
            68.85474547195416,
            88.00920385476323,
            117.1272632628295,
            83.09925927150567,
            60.57511668899234,
            64.01034948715842,
            49.47487426432332,
            11.955753038688366,
            97.58877561542613,
            48.03685881553962,
            33.451859465191106,
            72.9618456628358,
            48.35673033071543,
            52.58670980557073,
            76.29289121952918,
            85.51995462388774
        ],
        [
            77.82748631255414,
            30.585440716016304,
            0.0,
            59.37692514647609,
            32.123988107761434,
            18.701323186155147,
            79.45193631749342,
            61.03139935160399,
            78.8450833036233,
            70.49634452922169,
            74.57759932789624,
            97.54345026575353,
            76.97136229343596,
            36.389248505959934,
            70.17911617185655,
            18.91748448638223,
            22.048959690587644,
            79.126081247757,
            49.84456581529642,
            27.05870286677491,
            52.23417441141363,
            36.36258862754421,
            32.78962812715753,
            46.86308502848625,
            77.82748631255414
        ],
        [
            80.60973920894477,
            89.21269514861861,
            59.37692514647609,
            0.0,
            54.47820599288945,
            46.1443662177172,
            32.787780592285785,
            92.46604974232709,
            29.615426410745748,
            92.19576857127188,
            66.77175696461943,
            65.71464977027463,
            83.08177056326399,
            36.23822762989952,
            98.4880021598604,
            41.02843785768735,
            78.59970000833418,
            56.708705006747905,
            81.27046682428163,
            66.83273101613034,
            41.51153346591753,
            59.450284398812485,
            47.09266479804119,
            13.224693472581258,
            80.60973920894477
        ],
        [
            45.92204931139514,
            47.69385836535625,
            32.123988107761434,
            54.47820599288945,
            0.0,
            17.69431711253387,
            60.406931805876255,
            39.28170550638494,
            61.38407334353404,
            43.42219977236138,
            42.85854753411338,
            69.50768709044779,
            45.441068853052265,
            18.371457678977023,
            46.75736388943444,
            33.42321260207716,
            35.819132065226086,
            50.07963312769474,
            27.461691202820102,
            15.303925961815537,
            25.598682038643148,
            5.914012610110545,
            7.438091582320514,
            41.90234955373139,
            45.92204931139514
        ],
        [
            62.827437564644505,
            44.28181895702561,
            18.701323186155147,
            46.1443662177172,
            17.69431711253387,
            0.0,
            61.739110758871064,
            54.85055787339144,
            61.51932446310574,
            60.75551771309489,
            57.40877234803918,
            78.87353464594474,
            62.72883691478733,
            17.74384375962828,
            63.090564628454786,
            15.848496482086382,
            32.95417946491783,
            60.63193442465722,
            42.839938911891295,
            22.572700564327896,
            33.63961603062184,
            23.36842086206107,
            15.343464610840753,
            32.93309864476899,
            62.827437564644505
        ],
        [
            64.9231332926621,
            105.40285571307591,
            79.45193631749342,
            32.787780592285785,
            60.406931805876255,
            61.739110758871064,
            0.0,
            90.0896552035585,
            4.165171468321979,
            84.47580037687355,
            48.75370227930279,
            34.74422705007838,
            68.68250181286633,
            44.83245200154429,
            93.29256120059235,
            64.50853996581691,
            93.60157085618759,
            32.80432637260147,
            81.33537497164126,
            75.59095610477155,
            36.17977641127852,
            62.94643236897261,
            53.84064390180322,
            37.30340397906284,
            64.9231332926621
        ],
        [
            39.24950272030299,
            55.009729456056704,
            61.03139935160399,
            92.46604974232709,
            39.28170550638494,
            54.85055787339144,
            90.0896552035585,
            0.0,
            92.34883325251609,
            15.105253291462345,
            50.04768899433826,
            84.49032437707034,
            35.24380198811707,
            56.47716822444808,
            9.353592200874433,
            70.33732859977951,
            48.21082785149977,
            66.36441452826344,
            12.017512883550415,
            34.29362388981958,
            54.810149404156896,
            33.607636901163374,
            46.09935425907915,
            80.54377122334179,
            39.24950272030299
        ],
        [
            68.35503228490268,
            105.50556540388786,
            78.8450833036233,
            29.615426410745748,
            61.38407334353404,
            61.51932446310574,
            4.165171468321979,
            92.34883325251609,
            0.0,
            87.26297541971627,
            52.27088672065373,
            38.837027377571,
            72.02073118232116,
            45.09143136562584,
            95.87024546439382,
            63.263924956610225,
            93.79482911964627,
            36.690521479340035,
            83.26004180454527,
            76.42678919294563,
            37.92427744410168,
            64.26178237759821,
            54.58663608516035,
            35.30255704232784,
            68.35503228490268
        ],
        [
            26.173722655811993,
            68.85474547195416,
            70.49634452922169,
            92.19576857127188,
            43.42219977236138,
            60.75551771309489,
            84.47580037687355,
            15.105253291462345,
            87.26297541971627,
            0.0,
            39.62740302445395,
            73.75507815566735,
            21.76383399357024,
            57.86139355288558,
            10.537890115990423,
            76.60400148614734,
            60.89306309163334,
            57.09577970861556,
            21.486501514042036,
            43.52877632307036,
            51.68324583897189,
            37.535762271780726,
            48.890379141182486,
            81.45089081817581,
            26.173722655811993
        ],
        [
            16.273138414700448,
            88.00920385476323,
            74.57759932789624,
            66.77175696461943,
            42.85854753411338,
            57.40877234803918,
            48.75370227930279,
            50.04768899433826,
            52.27088672065373,
            39.62740302445395,
            0.0,
            34.47131989590397,
            20.349974323113752,
            43.64903060400183,
            49.8378171345717,
            70.43824689409894,
            76.77797822932317,
            17.792344142781342,
            46.158536501320185,
            54.75004554063707,
            27.916537248377846,
            40.211980939064894,
            42.13133643277741,
            60.280672795020294,
            16.273138414700448
        ],
        [
            48.34721392411076,
            117.1272632628295,
            97.54345026575353,
            65.71464977027463,
            69.50768709044779,
            78.87353464594474,
            34.74422705007838,
            84.49032437707034,
            38.837027377571,
            73.75507815566735,
            34.47131989590397,
            0.0,
            52.895073331429,
            61.47960207443113,
            84.12490581476918,
            87.41866762910708,
            105.30897551813875,
            19.655291758959695,
            79.8007406958378,
            83.89687796929118,
            45.3726789496952,
            69.02991560983814,
            65.67338227797309,
            66.04762397628957,
            48.34721392411076
        ],
        [
            4.557601578623288,
            83.09925927150567,
            76.97136229343596,
            83.08177056326399,
            45.441068853052265,
            62.72883691478733,
            68.68250181286633,
            35.24380198811707,
            72.02073118232116,
            21.76383399357024,
            20.349974323113752,
            52.895073331429,
            0.0,
            53.66021428249738,
            32.29194189029395,
            77.79993465806427,
            73.22599924588714,
            38.06490032635628,
            35.94603797049299,
            52.3472918417197,
            41.73269509720141,
            40.633194578904885,
            48.00934785872147,
            74.53384320359535,
            4.557601578623288
        ],
        [
            52.590975344339576,
            60.57511668899234,
            36.389248505959934,
            36.23822762989952,
            18.371457678977023,
            17.74384375962828,
            44.83245200154429,
            56.47716822444808,
            45.09143136562584,
            57.86139355288558,
            43.64903060400183,
            61.47960207443113,
            53.66021428249738,
            0.0,
            63.03888063032889,
            27.174613413244504,
            48.77207863500321,
            43.86230286459064,
            45.08775246000281,
            32.121898894975324,
            16.973002423880693,
            23.214260269637037,
            10.934425104356455,
            24.072051555289757,
            52.590975344339576
        ],
        [
            36.71154432569313,
            64.01034948715842,
            70.17911617185655,
            98.4880021598604,
            46.75736388943444,
            63.090564628454786,
            93.29256120059235,
            9.353592200874433,
            95.87024546439382,
            10.537890115990423,
            49.8378171345717,
            84.12490581476918,
            32.29194189029395,
            63.03888063032889,
            0.0,
            78.76139856652604,
            57.519936412672045,
            67.08588740718075,
            20.546708466940185,
            43.280688198142876,
            59.20611802864583,
            40.90265830603187,
            53.13936485069991,
            87.04598181452828,
            36.71154432569313
        ],
        [
            77.54666948261242,
            49.47487426432332,
            18.91748448638223,
            41.02843785768735,
            33.42321260207716,
            15.848496482086382,
            64.50853996581691,
            70.33732859977951,
            63.263924956610225,
            76.60400148614734,
            70.43824689409894,
            87.41866762910708,
            77.79993465806427,
            27.174613413244504,
            78.76139856652604,
            0.0,
            40.18259813277265,
            70.71883224257262,
            58.37107300054036,
            36.90105130739237,
            44.10637973041373,
            39.181035280505625,
            29.79538456837984,
            29.19410531094164,
            77.54666948261242
        ],
        [
            75.32191212186441,
            11.955753038688366,
            22.048959690587644,
            78.59970000833418,
            35.819132065226086,
            32.95417946491783,
            93.60157085618759,
            48.21082785149977,
            93.79482911964627,
            60.89306309163334,
            76.77797822932317,
            105.30897551813875,
            73.22599924588714,
            48.77207863500321,
            57.519936412672045,
            40.18259813277265,
            0.0,
            85.81537905258385,
            39.48817861195968,
            22.02823860332787,
            61.01311350549187,
            36.79329171148384,
            40.63190025696254,
            65.51517137746802,
            75.32191212186441
        ],
        [
            33.82149001489675,
            97.58877561542613,
            79.126081247757,
            56.708705006747905,
            50.07963312769474,
            60.63193442465722,
            32.80432637260147,
            66.36441452826344,
            36.690521479340035,
            57.09577970861556,
            17.792344142781342,
            19.655291758959695,
            38.06490032635628,
            43.86230286459064,
            67.08588740718075,
            70.71883224257262,
            85.81537905258385,
            0.0,
            60.74026882163988,
            64.28892632310095,
            27.044103813591995,
            49.401079357705854,
            46.70985748497311,
            53.46685693890432,
            33.82149001489675
        ],
        [
            39.05367082688554,
            48.03685881553962,
            49.84456581529642,
            81.27046682428163,
            27.461691202820102,
            42.839938911891295,
            81.33537497164126,
            12.017512883550415,
            83.26004180454527,
            21.486501514042036,
            46.158536501320185,
            79.8007406958378,
            35.94603797049299,
            45.08775246000281,
            20.546708466940185,
            58.37107300054036,
            39.48817861195968,
            60.74026882163988,
            0.0,
            22.823383091188347,
            45.34973068458312,
            21.950242287208923,
            34.476185209538826,
            69.07912819880539,
            39.05367082688554
        ],
        [
            54.0254268504067,
            33.451859465191106,
            27.05870286677491,
            66.83273101613034,
            15.303925961815537,
            22.572700564327896,
            75.59095610477155,
            34.29362388981958,
            76.42678919294563,
            43.52877632307036,
            54.75004554063707,
            83.89687796929118,
            52.3472918417197,
            32.121898894975324,
            43.280688198142876,
            36.90105130739237,
            22.02823860332787,
            64.28892632310095,
            22.823383091188347,
            0.0,
            40.84320858435322,
            14.922252158159836,
            21.85185060540459,
            53.73589997305961,
            54.0254268504067
        ],
        [
            39.606954101244746,
            72.9618456628358,
            52.23417441141363,
            41.51153346591753,
            25.598682038643148,
            33.63961603062184,
            36.17977641127852,
            54.810149404156896,
            37.92427744410168,
            51.68324583897189,
            27.916537248377846,
            45.3726789496952,
            41.73269509720141,
            16.973002423880693,
            59.20611802864583,
            44.10637973041373,
            61.01311350549187,
            27.044103813591995,
            45.34973068458312,
            40.84320858435322,
            0.0,
            27.111982346713663,
            20.54354241436086,
            33.006972160542645,
            39.606954101244746
        ],
        [
            41.49814273884609,
            48.35673033071543,
            36.36258862754421,
            59.450284398812485,
            5.914012610110545,
            23.36842086206107,
            62.94643236897261,
            33.607636901163374,
            64.26178237759821,
            37.535762271780726,
            40.211980939064894,
            69.02991560983814,
            40.633194578904885,
            23.214260269637037,
            40.90265830603187,
            39.181035280505625,
            36.79329171148384,
            49.401079357705854,
            21.950242287208923,
            14.922252158159836,
            27.111982346713663,
            0.0,
            12.527399723350406,
            47.13868132886831,
            41.49814273884609
        ],
        [
            47.79915633375096,
            52.58670980557073,
            32.78962812715753,
            47.09266479804119,
            7.438091582320514,
            15.343464610840753,
            53.84064390180322,
            46.09935425907915,
            54.58663608516035,
            48.890379141182486,
            42.13133643277741,
            65.67338227797309,
            48.00934785872147,
            10.934425104356455,
            53.13936485069991,
            29.79538456837984,
            40.63190025696254,
            46.70985748497311,
            34.476185209538826,
            21.85185060540459,
            20.54354241436086,
            12.527399723350406,
            0.0,
            34.637336012650884,
            47.79915633375096
        ],
        [
            72.59116599301159,
            76.29289121952918,
            46.86308502848625,
            13.224693472581258,
            41.90234955373139,
            32.93309864476899,
            37.30340397906284,
            80.54377122334179,
            35.30255704232784,
            81.45089081817581,
            60.280672795020294,
            66.04762397628957,
            74.53384320359535,
            24.072051555289757,
            87.04598181452828,
            29.19410531094164,
            65.51517137746802,
            53.46685693890432,
            69.07912819880539,
            53.73589997305961,
            33.006972160542645,
            47.13868132886831,
            34.637336012650884,
            0.0,
            72.59116599301159
        ],
        [
            0.0,
            85.51995462388774,
            77.82748631255414,
            80.60973920894477,
            45.92204931139514,
            62.827437564644505,
            64.9231332926621,
            39.24950272030299,
            68.35503228490268,
            26.173722655811993,
            16.273138414700448,
            48.34721392411076,
            4.557601578623288,
            52.590975344339576,
            36.71154432569313,
            77.54666948261242,
            75.32191212186441,
            33.82149001489675,
            39.05367082688554,
            54.0254268504067,
            39.606954101244746,
            41.49814273884609,
            47.79915633375096,
            72.59116599301159,
            0.0
        ]
    ],
    "scores_ave": [
        0,
        11.195542293328034,
        16.56790968718156,
        11.036983990595838,
        19.354520516460916,
        17.635646082725277,
        17.495907195896116,
        13.342257663560918,
        18.08572639118407,
        19.874010563121693,
        19.47526951779927,
        17.638229610078195,
        18.68245513790712,
        18.522286892453586,
        10.86297929542236,
        15.974727510237562,
        16.30789218890549,
        13.148307635102341,
        16.958608463876672,
        13.681359301513183,
        18.521911330085025,
        14.072522764246557,
        14.025844689078761,
        16.5280586096291,
        0
    ],
    "scores_var": [
        0,
        24.75219016727632,
        367.26908281627595,
        18.15980174639384,
        18.91498453274255,
        24.51482773768215,
        264.54930559284566,
        16.09901912821485,
        19.28691280747374,
        233.62364886595643,
        265.9668356945915,
        24.675853373711895,
        17.956535291309628,
        244.16763447000056,
        19.987028176889417,
        19.80107877006119,
        20.973548003168982,
        18.59168669154012,
        16.394074836542988,
        225.31832010932243,
        24.49265254699246,
        395.8913149640971,
        22.66712420989542,
        342.6778150396,
        0
    ],
    "vertex_number": 25,
    "minimum_distances": {
        "cost": 421.7257505342892,
        "path": [
            0,
            12,
            9,
            14,
            7,
            18,
            21,
            20,
            13,
            22,
            4,
            19,
            16,
            1,
            2,
            5,
            15,
            23,
            3,
            8,
            6,
            11,
            17,
            10,
            24
        ]
    }
}