{
    "vertices": [
        [
            0.5074734524413316,
            45.54508378413703
        ],
        [
            12.363840663692137,
            63.028429954629736
        ],
        [
            29.845832086379186,
            46.144388111349464
        ],
        [
            32.96453920993074,
            96.12867893420304
        ],
        [
            45.27041752058597,
            6.450165656935248
        ],
        [
            47.43917328311764,
            89.27780412553138
        ],
        [
            87.22226049050632,
            79.21579054809169
        ],
        [
            38.08305833386966,
            26.670403157625078
        ],
        [
            45.31272577404246,
            19.462765583018914
        ],
        [
            7.267787947473847,
            43.70738037019368
        ],
        [
            64.54233034087368,
            2.5273334817885407
        ],
        [
            41.20622867204852,
            71.90673937046824
        ],
        [
            37.65145620163424,
            83.86484826729166
        ],
        [
            30.613614900645093,
            86.4902460187851
        ],
        [
            17.41167847066558,
            13.688866502800568
        ],
        [
            4.300290685093189,
            53.0894479352367
        ],
        [
            58.741300122472694,
            52.46319733772404
        ],
        [
            16.827046922641443,
            84.32406498147665
        ],
        [
            34.37231442982719,
            56.89603399577656
        ],
        [
            1.9037158157888756,
            36.75469749426803
        ],
        [
            92.18655610902744,
            22.04368174972149
        ],
        [
            0.5074734524413316,
            45.54508378413703
        ]
    ],
    "distances": [
        [
            0.0,
            21.124413288072766,
            29.344479089092236,
            60.10125802253871,
            59.43175737785697,
            64.14932016362535,
            93.02242087282605,
            42.049710438173655,
            51.843977069151634,
            7.005641006315251,
            77.14265835319142,
            48.49046877147973,
            53.36740395144568,
            50.82210211434493,
            36.06342644250373,
            8.444104038007747,
            58.64331900374995,
            42.073006321784035,
            35.71654413756673,
            8.900583343934441,
            94.6433837853253,
            0.0
        ],
        [
            21.124413288072766,
            0.0,
            24.30413325071566,
            38.987373123906934,
            65.45183566087687,
            43.809914434147586,
            76.58860007827752,
            44.53520259455075,
            54.62230443834191,
            19.981809485897728,
            79.89353828319145,
            30.17793439100739,
            32.76613843123727,
            29.723914155575315,
            49.59710866716514,
            12.798601557950823,
            47.565669196387454,
            21.758315222153428,
            22.846864067324724,
            28.27937816205278,
            89.72968007569568,
            21.124413288072766
        ],
        [
            29.344479089092236,
            24.30413325071566,
            0.0,
            50.08149022529277,
            42.58578556370266,
            46.58344374901172,
            66.22516285783588,
            21.1444552124246,
            30.84045688847353,
            22.70918501110973,
            55.73414075485726,
            28.15594702690546,
            38.519616849141606,
            40.35316271046011,
            34.75584927781434,
            26.47278869787219,
            29.578293105996128,
            40.33827578177931,
            11.665630357150217,
            29.47758727514338,
            66.837189638684,
            29.344479089092236
        ],
        [
            60.10125802253871,
            38.987373123906934,
            50.08149022529277,
            0.0,
            90.51889518005481,
            16.01404125125058,
            56.83261486260934,
            69.64661737570093,
            77.65397595354266,
            58.3807808151072,
            98.78445608096293,
            25.585695249869683,
            13.128927355797002,
            9.920999655931963,
            83.89406505170552,
            51.71087456692293,
            50.70617009984876,
            19.99418835299958,
            39.25789423713904,
            67.00779374036887,
            94.8463710081811,
            60.10125802253871
        ],
        [
            59.43175737785697,
            65.45183566087687,
            42.58578556370266,
            90.51889518005481,
            0.0,
            82.85602691320638,
            83.99281692129001,
            21.459639714197877,
            13.012668704943778,
            53.219356466054876,
            19.667110515455384,
            65.58262478211554,
            77.78869876300736,
            81.37097963875873,
            28.78381717888527,
            62.078772091202396,
            47.94438197047791,
            82.90578705362387,
            51.60963363013265,
            52.90591145262283,
            49.439678439344945,
            59.43175737785697
        ],
        [
            64.14932016362535,
            43.809914434147586,
            46.58344374901172,
            16.01404125125058,
            82.85602691320638,
            0.0,
            41.035815393181515,
            63.30263456523541,
            69.84741502519154,
            60.74869316311111,
            88.42037173781365,
            18.455446059341185,
            11.184788634141173,
            17.05490824016591,
            81.33472773449803,
            56.30772873737473,
            38.51043162616773,
            31.01035007569411,
            34.91878916898603,
            69.51370092980208,
            80.76357769077536,
            64.14932016362535
        ],
        [
            93.02242087282605,
            76.58860007827752,
            66.22516285783588,
            56.83261486260934,
            83.99281692129001,
            41.035815393181515,
            0.0,
            71.94219154713743,
            72.98515665960511,
            87.48465507159746,
            79.97186179402375,
            46.592890159706116,
            49.78833573762142,
            57.07413124974936,
            95.74599279753834,
            86.94043279587541,
            39.07513719700689,
            70.58031284254896,
            57.36975101193404,
            95.30056919419332,
            57.387230769926056,
            93.02242087282605
        ],
        [
            42.049710438173655,
            44.53520259455075,
            21.1444552124246,
            69.64661737570093,
            21.459639714197877,
            63.30263456523541,
            71.94219154713743,
            0.0,
            10.208728162820744,
            35.211354440411185,
            35.81872259744789,
            45.34402173299879,
            57.19607356981084,
            60.28437762087305,
            24.409552215668178,
            42.88637682263059,
            33.04589513711698,
            61.44723543670053,
            30.45255949646273,
            37.55845866524153,
            54.30096704933399,
            42.049710438173655
        ],
        [
            51.843977069151634,
            54.62230443834191,
            30.84045688847353,
            77.65397595354266,
            13.012668704943778,
            69.84741502519154,
            72.98515665960511,
            10.208728162820744,
            0.0,
            45.113397571075986,
            25.62394490027014,
            52.60450270715766,
            64.85617399702987,
            68.6203103609671,
            28.492215624865338,
            53.03558803239795,
            35.62801011884145,
            70.84082198338419,
            38.999258767856006,
            46.72636359464573,
            46.944830370686226,
            51.843977069151634
        ],
        [
            7.005641006315251,
            19.981809485897728,
            22.70918501110973,
            58.3807808151072,
            53.219356466054876,
            60.74869316311111,
            87.48465507159746,
            35.211354440411185,
            45.113397571075986,
            0.0,
            70.54196955079011,
            44.12506778285824,
            50.35662344205903,
            48.73808807527067,
            31.68611193809319,
            9.840184540813699,
            52.212898659226404,
            41.72642449296073,
            30.14292521120328,
            8.781404728578973,
            87.63853618126181,
            7.005641006315251
        ],
        [
            77.14265835319142,
            79.89353828319145,
            55.73414075485726,
            98.78445608096293,
            19.667110515455384,
            88.42037173781365,
            79.97186179402375,
            35.81872259744789,
            25.62394490027014,
            70.54196955079011,
            0.0,
            73.19887705807997,
            85.66744085972427,
            90.55897754016074,
            48.43426643493109,
            78.64878104517717,
            50.27168637148874,
            94.69663962208108,
            62.17865755749733,
            71.38002855746795,
            33.839194258077505,
            77.14265835319142
        ],
        [
            48.49046877147973,
            30.17793439100739,
            28.15594702690546,
            25.585695249869683,
            65.58262478211554,
            18.455446059341185,
            46.592890159706116,
            45.34402173299879,
            52.60450270715766,
            44.12506778285824,
            73.19887705807997,
            0.0,
            12.475286598098762,
            18.02448702936168,
            62.8927765369128,
            41.42630463431938,
            26.18262892741238,
            27.35935814489127,
            16.493139777369052,
            52.729058069366154,
            71.31141774548797,
            48.49046877147973
        ],
        [
            53.36740395144568,
            32.76613843123727,
            38.519616849141606,
            13.128927355797002,
            77.78869876300736,
            11.184788634141173,
            49.78833573762142,
            57.19607356981084,
            64.85617399702987,
            50.35662344205903,
            85.66744085972427,
            12.475286598098762,
            0.0,
            7.511585953143011,
            73.036408860302,
            45.380893632783014,
            37.826514480027654,
            20.82947195225045,
            27.167438487481416,
            59.137697355839094,
            82.4374535724054,
            53.36740395144568
        ],
        [
            50.82210211434493,
            29.723914155575315,
            40.35316271046011,
            9.920999655931963,
            81.37097963875873,
            17.05490824016591,
            57.07413124974936,
            60.28437762087305,
            68.6203103609671,
            48.73808807527067,
            90.55897754016074,
            18.02448702936168,
            7.511585953143011,
            0.0,
            73.98872876953376,
            42.52063433076606,
            44.147556193763634,
            13.955708398304628,
            29.831949440381145,
            57.427198194733656,
            89.13241124942967,
            50.82210211434493
        ],
        [
            36.06342644250373,
            49.59710866716514,
            34.75584927781434,
            83.89406505170552,
            28.78381717888527,
            81.33472773449803,
            95.74599279753834,
            24.409552215668178,
            28.492215624865338,
            31.68611193809319,
            48.43426643493109,
            62.8927765369128,
            73.036408860302,
            73.98872876953376,
            0.0,
            41.524863718953824,
            56.670859862698585,
            70.63761786873131,
            46.416834175816945,
            27.79441427754849,
            75.24018383578134,
            36.06342644250373
        ],
        [
            8.444104038007747,
            12.798601557950823,
            26.47278869787219,
            51.71087456692293,
            62.078772091202396,
            56.30772873737473,
            86.94043279587541,
            42.88637682263059,
            53.03558803239795,
            9.840184540813699,
            78.64878104517717,
            41.42630463431938,
            45.380893632783014,
            42.52063433076606,
            41.524863718953824,
            0.0,
            54.444611288645724,
            33.65294821943863,
            30.311989534508324,
            16.50962274168938,
            93.2085578056645,
            8.444104038007747
        ],
        [
            58.64331900374995,
            47.565669196387454,
            29.578293105996128,
            50.70617009984876,
            47.94438197047791,
            38.51043162616773,
            39.07513719700689,
            33.04589513711698,
            35.62801011884145,
            52.212898659226404,
            50.27168637148874,
            26.18262892741238,
            37.826514480027654,
            44.147556193763634,
            56.670859862698585,
            54.444611288645724,
            0.0,
            52.649021912209214,
            24.768881777854556,
            58.968364036585314,
            45.20986702717567,
            58.64331900374995
        ],
        [
            42.073006321784035,
            21.758315222153428,
            40.33827578177931,
            19.99418835299958,
            82.90578705362387,
            31.01035007569411,
            70.58031284254896,
            61.44723543670053,
            70.84082198338419,
            41.72642449296073,
            94.69663962208108,
            27.35935814489127,
            20.82947195225045,
            13.955708398304628,
            70.63761786873131,
            33.65294821943863,
            52.649021912209214,
            0.0,
            32.55968819953951,
            49.85529595196336,
            97.76452199191323,
            42.073006321784035
        ],
        [
            35.71654413756673,
            22.846864067324724,
            11.665630357150217,
            39.25789423713904,
            51.60963363013265,
            34.91878916898603,
            57.36975101193404,
            30.45255949646273,
            38.999258767856006,
            30.14292521120328,
            62.17865755749733,
            16.493139777369052,
            27.167438487481416,
            29.831949440381145,
            46.416834175816945,
            30.311989534508324,
            24.768881777854556,
            32.55968819953951,
            0.0,
            38.20841964837764,
            67.50683667617729,
            35.71654413756673
        ],
        [
            8.900583343934441,
            28.27937816205278,
            29.47758727514338,
            67.00779374036887,
            52.90591145262283,
            69.51370092980208,
            95.30056919419332,
            37.55845866524153,
            46.72636359464573,
            8.781404728578973,
            71.38002855746795,
            52.729058069366154,
            59.137697355839094,
            57.427198194733656,
            27.79441427754849,
            16.50962274168938,
            58.968364036585314,
            49.85529595196336,
            38.20841964837764,
            0.0,
            91.47352204682356,
            8.900583343934441
        ],
        [
            94.6433837853253,
            89.72968007569568,
            66.837189638684,
            94.8463710081811,
            49.439678439344945,
            80.76357769077536,
            57.387230769926056,
            54.30096704933399,
            46.944830370686226,
            87.63853618126181,
            33.839194258077505,
            71.31141774548797,
            82.4374535724054,
            89.13241124942967,
            75.24018383578134,
            93.2085578056645,
            45.20986702717567,
            97.76452199191323,
            67.50683667617729,
            91.47352204682356,
            0.0,
            94.6433837853253
        ],
        [
            0.0,
            21.124413288072766,
            29.344479089092236,
            60.10125802253871,
            59.43175737785697,
            64.14932016362535,
            93.02242087282605,
            42.049710438173655,
            51.843977069151634,
            7.005641006315251,
            77.14265835319142,
            48.49046877147973,
            53.36740395144568,
            50.82210211434493,
            36.06342644250373,
            8.444104038007747,
            58.64331900374995,
            42.073006321784035,
            35.71654413756673,
            8.900583343934441,
            94.6433837853253,
            0.0
        ]
    ],
    "scores_ave": [
        0,
        19.372425146025076,
        18.76759550534109,
        17.641789966165558,
        16.175527845228935,
        11.588706236519963,
        14.562172814696387,
        11.812463545997128,
        10.959521849708622,
        13.908898078606736,
        14.164827794762878,
        10.548064734182258,
        19.76882695132457,
        19.235353734754344,
        15.243604744962575,
        17.710925654370982,
        12.549810194190314,
        15.308296329162697,
        17.88180200871283,
        12.067455300039281,
        15.967431143884387,
        0
    ],
    "scores_var": [
        0,
        238.61985779932994,
        309.412423513525,
        23.2902254755111,
        343.55402588564175,
        348.5995560338768,
        276.9141733707919,
        19.114579225829573,
        20.397967291570776,
        24.459478124583676,
        18.894976003613923,
        233.57010215411654,
        22.7720988074325,
        17.017653684399466,
        17.731540824888476,
        24.7960569441277,
        16.29473216785273,
        359.6181622919405,
        19.952688594303023,
        18.620268104488584,
        375.42232542496276,
        0
    ],
    "vertex_number": 22,
    "minimum_distances": {
        "cost": 426.3800430353519,
        "path": [
            0,
            9,
            19,
            14,
            2,
            18,
            7,
            8,
            4,
            10,
            20,
            6,
            16,
            11,
            12,
            5,
            3,
            13,
            17,
            1,
            15,
            21
        ]
    }
}