{
    "vertices": [
        [
            70.19424082691984,
            4.934320451966356
        ],
        [
            74.81565977257596,
            20.498831358060443
        ],
        [
            89.45954113719924,
            12.02311677892891
        ],
        [
            2.930800244067333,
            88.56792048999674
        ],
        [
            15.765710345195549,
            51.553630334642556
        ],
        [
            72.46750148265448,
            17.841500982406465
        ],
        [
            42.73225643046863,
            14.354756770361742
        ],
        [
            42.0606796810114,
            28.137052420200803
        ],
        [
            43.28796440531442,
            35.76034069052506
        ],
        [
            82.43160477860093,
            66.40844684872327
        ],
        [
            67.98938090634753,
            42.68027941041066
        ],
        [
            87.4978943181189,
            97.43352278754985
        ],
        [
            34.64081391574608,
            76.53981071993275
        ],
        [
            67.48846156987356,
            97.04443241353661
        ],
        [
            70.11236405784192,
            74.76630424345385
        ],
        [
            24.73899794049439,
            93.58520667294948
        ],
        [
            4.86160615947131,
            13.507376067839715
        ],
        [
            32.61765748780032,
            75.6302140152277
        ],
        [
            85.87322175985004,
            45.41482811750305
        ],
        [
            96.63753117993079,
            44.618536818322895
        ],
        [
            70.19424082691984,
            4.934320451966356
        ]
    ],
    "distances": [
        [
            0.0,
            16.23611754137026,
            20.528098533727118,
            107.32636905422714,
            71.66467040555604,
            13.105839280804695,
            29.032829821081382,
            36.46730088093027,
            40.916882024707974,
            62.680310247559795,
            37.8103005140386,
            94.10376643292604,
            79.94618440953892,
            92.14984518142649,
            69.83203179100467,
            99.62509088392154,
            65.89271913635949,
            80.0619071853136,
            43.41085053249664,
            47.68736345516957,
            0.0
        ],
        [
            16.23611754137026,
            0.0,
            16.91984039664866,
            98.99916123222917,
            66.71804153939254,
            3.5461601881331077,
            32.6664112285318,
            33.63377977261722,
            35.02726427050433,
            46.537032703378344,
            23.208074475462805,
            77.97298133596607,
            68.9536772584163,
            76.89549319983455,
            54.47090603200156,
            88.5962206694703,
            70.30256086360066,
            69.42723349318285,
            27.259430874817678,
            32.52620886621963,
            16.23611754137026
        ],
        [
            20.528098533727118,
            16.91984039664866,
            0.0,
            115.52631724294106,
            83.62680311227335,
            17.960595935572364,
            46.78542167292616,
            50.06307011354719,
            51.91599268951312,
            54.837542033364215,
            37.42765556312027,
            85.43292990879033,
            84.6610692777811,
            87.81430663390417,
            65.65836454061682,
            104.12071465158522,
            84.61095453977931,
            85.30452834193372,
            33.58374715238029,
            33.3764130576981,
            20.528098533727118
        ],
        [
            107.32636905422714,
            98.99916123222917,
            115.52631724294106,
            0.0,
            39.17642904871235,
            99.18457155983572,
            84.21252628816791,
            71.99331413693122,
            66.46308135661042,
            82.53132855889581,
            79.61340667022945,
            85.0305374805303,
            33.91460440133073,
            65.11177228618041,
            68.58459832557965,
            22.377905340046798,
            75.08537367845729,
            32.3835412182958,
            93.49670939776837,
            103.50120650410942,
            107.32636905422714
        ],
        [
            71.66467040555604,
            66.71804153939254,
            83.62680311227335,
            39.17642904871235,
            0.0,
            65.96666418470707,
            45.94508463612301,
            35.21024756508561,
            31.731726494672778,
            68.30085690731087,
            52.97214478859903,
            85.14969611816393,
            31.314193986837175,
            68.88146389291566,
            59.096421209402415,
            42.97875405070355,
            39.57798569694196,
            29.38826303518743,
            70.37576322440181,
            81.16863265575942,
            71.66467040555604
        ],
        [
            13.105839280804695,
            3.5461601881331077,
            17.960595935572364,
            99.18457155983572,
            65.96666418470707,
            0.0,
            29.93897432300864,
            32.10254182280815,
            34.24222832312628,
            49.578539563747114,
            25.23922498198846,
            80.99878174280649,
            69.83086608604447,
            79.3592791407367,
            56.97350172315814,
            89.52719699683212,
            67.74468039059796,
            70.19647726491677,
            30.659447246313256,
            36.07214969647874,
            13.105839280804695
        ],
        [
            29.032829821081382,
            32.6664112285318,
            46.78542167292616,
            84.21252628816791,
            45.94508463612301,
            29.93897432300864,
            0.0,
            13.798648075445081,
            21.41279604153698,
            65.46468444925453,
            37.950725548030896,
            94.37183742211931,
            62.70926866644288,
            86.3160017081292,
            66.32665649480762,
            81.24790177508275,
            37.88012943487913,
            62.1046437260405,
            53.15892137393682,
            61.81969773952615,
            29.032829821081382
        ],
        [
            36.46730088093027,
            33.63377977261722,
            50.06307011354719,
            71.99331413693122,
            35.21024756508561,
            32.10254182280815,
            13.798648075445081,
            0.0,
            7.721447522775181,
            55.62833113386312,
            29.728824371668587,
            82.8645960549586,
            48.96816740492568,
            73.44929617997386,
            54.41676324418482,
            67.70156241484642,
            39.9724717904182,
            48.422836208062144,
            47.09628835116728,
            57.01115721944821,
            36.46730088093027
        ],
        [
            40.916882024707974,
            35.02726427050433,
            51.91599268951312,
            66.46308135661042,
            31.731726494672778,
            34.24222832312628,
            21.41279604153698,
            7.721447522775181,
            0.0,
            49.71449479535493,
            25.65239811488359,
            75.88214080314197,
            41.68618940930679,
            65.8893311646607,
            47.33934525752258,
            60.727088542086086,
            44.40472320076278,
            41.273020832521865,
            43.6659280381135,
            54.07997701254859,
            40.916882024707974
        ],
        [
            62.680310247559795,
            46.537032703378344,
            54.837542033364215,
            82.53132855889581,
            68.30085690731087,
            49.578539563747114,
            65.46468444925453,
            55.62833113386312,
            49.71449479535493,
            0.0,
            27.777756575304718,
            31.436008441088457,
            48.85288348898127,
            34.08608426446174,
            14.886822097635866,
            63.773138219159435,
            93.89157563666627,
            50.66034281727553,
            21.273851434976763,
            26.011699753244574,
            62.680310247559795
        ],
        [
            37.8103005140386,
            23.208074475462805,
            37.42765556312027,
            79.61340667022945,
            52.97214478859903,
            25.23922498198846,
            37.950725548030896,
            29.728824371668587,
            25.65239811488359,
            27.777756575304718,
            0.0,
            58.124863491052594,
            47.52467549418028,
            54.366460726526434,
            32.15618209688757,
            66.79750928213812,
            69.5426073276472,
            48.341048892839716,
            18.091697551774015,
            28.713644071715017,
            37.8103005140386
        ],
        [
            94.10376643292604,
            77.97298133596607,
            85.43292990879033,
            85.0305374805303,
            85.14969611816393,
            80.99878174280649,
            94.37183742211931,
            82.8645960549586,
            75.88214080314197,
            31.436008441088457,
            58.124863491052594,
            0.0,
            56.836767612412594,
            20.013215389479583,
            28.56675443512644,
            62.87677322712501,
            117.78095866419729,
            59.052727862251004,
            52.04405975802759,
            53.599959933711055,
            94.10376643292604
        ],
        [
            79.94618440953892,
            68.9536772584163,
            84.6610692777811,
            33.91460440133073,
            31.314193986837175,
            69.83086608604447,
            62.70926866644288,
            48.96816740492568,
            41.68618940930679,
            48.85288348898127,
            47.52467549418028,
            56.836767612412594,
            0.0,
            38.722183141030634,
            35.51585835518173,
            19.71272388085596,
            69.7129043489206,
            2.218226340378395,
            59.94601033852175,
            69.73206349332318,
            79.94618440953892
        ],
        [
            92.14984518142649,
            76.89549319983455,
            87.81430663390417,
            65.11177228618041,
            68.88146389291566,
            79.3592791407367,
            86.3160017081292,
            73.44929617997386,
            65.8893311646607,
            34.08608426446174,
            54.366460726526434,
            20.013215389479583,
            38.722183141030634,
            0.0,
            22.43211668632726,
            42.889193083152705,
            104.40576038466254,
            40.92116477986432,
            54.80525017740501,
            59.98452123750102,
            92.14984518142649
        ],
        [
            69.83203179100467,
            54.47090603200156,
            65.65836454061682,
            68.58459832557965,
            59.096421209402415,
            56.97350172315814,
            66.32665649480762,
            54.41676324418482,
            47.33934525752258,
            14.886822097635866,
            32.15618209688757,
            28.56675443512644,
            35.51585835518173,
            22.43211668632726,
            0.0,
            49.121211726399196,
            89.50037814186499,
            37.504657855622234,
            33.31536861983082,
            40.15560199492135,
            69.83203179100467
        ],
        [
            99.62509088392154,
            88.5962206694703,
            104.12071465158522,
            22.377905340046798,
            42.97875405070355,
            89.52719699683212,
            81.24790177508275,
            67.70156241484642,
            60.727088542086086,
            63.773138219159435,
            66.79750928213812,
            62.87677322712501,
            19.71272388085596,
            42.889193083152705,
            49.121211726399196,
            0.0,
            82.50799754228034,
            19.60752502487752,
            77.83173319520827,
            86.98927427352373,
            99.62509088392154
        ],
        [
            65.89271913635949,
            70.30256086360066,
            84.61095453977931,
            75.08537367845729,
            39.57798569694196,
            67.74468039059796,
            37.88012943487913,
            39.9724717904182,
            44.40472320076278,
            93.89157563666627,
            69.5426073276472,
            117.78095866419729,
            69.7129043489206,
            104.40576038466254,
            89.50037814186499,
            82.50799754228034,
            0.0,
            68.041497484831,
            87.06875075757715,
            96.90575182414823,
            65.89271913635949
        ],
        [
            80.0619071853136,
            69.42723349318285,
            85.30452834193372,
            32.3835412182958,
            29.38826303518743,
            70.19647726491677,
            62.1046437260405,
            48.422836208062144,
            41.273020832521865,
            50.66034281727553,
            48.341048892839716,
            59.052727862251004,
            2.218226340378395,
            40.92116477986432,
            37.504657855622234,
            19.60752502487752,
            68.041497484831,
            0.0,
            61.23009612015023,
            71.13556318833332,
            80.0619071853136
        ],
        [
            43.41085053249664,
            27.259430874817678,
            33.58374715238029,
            93.49670939776837,
            70.37576322440181,
            30.659447246313256,
            53.15892137393682,
            47.09628835116728,
            43.6659280381135,
            21.273851434976763,
            18.091697551774015,
            52.04405975802759,
            59.94601033852175,
            54.80525017740501,
            33.31536861983082,
            77.83173319520827,
            87.06875075757715,
            61.23009612015023,
            0.0,
            10.793722116322487,
            43.41085053249664
        ],
        [
            47.68736345516957,
            32.52620886621963,
            33.3764130576981,
            103.50120650410942,
            81.16863265575942,
            36.07214969647874,
            61.81969773952615,
            57.01115721944821,
            54.07997701254859,
            26.011699753244574,
            28.713644071715017,
            53.599959933711055,
            69.73206349332318,
            59.98452123750102,
            40.15560199492135,
            86.98927427352373,
            96.90575182414823,
            71.13556318833332,
            10.793722116322487,
            0.0,
            47.68736345516957
        ],
        [
            0.0,
            16.23611754137026,
            20.528098533727118,
            107.32636905422714,
            71.66467040555604,
            13.105839280804695,
            29.032829821081382,
            36.46730088093027,
            40.916882024707974,
            62.680310247559795,
            37.8103005140386,
            94.10376643292604,
            79.94618440953892,
            92.14984518142649,
            69.83203179100467,
            99.62509088392154,
            65.89271913635949,
            80.0619071853136,
            43.41085053249664,
            47.68736345516957,
            0.0
        ]
    ],
    "scores_ave": [
        0,
        15.338614272750844,
        14.280267023980592,
        18.87434604584335,
        15.169701442405852,
        12.496404183348613,
        10.590763179116813,
        17.29140771764197,
        17.956498193978497,
        19.382584841247713,
        15.273858975272024,
        19.014866756873694,
        11.630230607593994,
        11.391251211612662,
        16.823915932569786,
        19.33638353826141,
        15.208132670795225,
        19.947358346156786,
        12.088825357240768,
        13.247072154518438,
        0
    ],
    "scores_var": [
        0,
        22.650373828896363,
        17.43817825189428,
        20.460635772428603,
        391.53078799337237,
        257.336391319121,
        268.5054523025777,
        22.944825787858008,
        19.255960164933065,
        240.82774073430133,
        21.307421499124782,
        256.5631534972752,
        319.54068579637067,
        370.85060240200045,
        24.457530342078147,
        306.12385587836553,
        396.5158791315939,
        19.534044981972926,
        22.019920559574853,
        309.66145905224425,
        0
    ],
    "vertex_number": 21,
    "minimum_distances": {
        "cost": 447.452967497335,
        "path": [
            0,
            2,
            5,
            1,
            10,
            18,
            19,
            9,
            11,
            13,
            14,
            12,
            17,
            15,
            3,
            4,
            16,
            8,
            7,
            6,
            20
        ]
    }
}