{
    "vertices": [
        [
            78.53198763214878,
            16.818552380553054
        ],
        [
            93.09497309149901,
            9.1636515882478
        ],
        [
            75.6429970979734,
            23.533260035645508
        ],
        [
            73.87042085746681,
            54.36256081804037
        ],
        [
            55.20738596176889,
            15.44147274923614
        ],
        [
            40.175618810093106,
            86.94179262522476
        ],
        [
            21.122223241698357,
            26.07046048266084
        ],
        [
            90.39876562500936,
            46.70107746297991
        ],
        [
            92.74396373113089,
            83.46034850353537
        ],
        [
            37.87166276563438,
            61.68051745955181
        ],
        [
            31.68634229704822,
            45.101864195593386
        ],
        [
            56.28601961084661,
            88.86590120404377
        ],
        [
            17.282412342016162,
            36.899976836728065
        ],
        [
            96.27492314778418,
            3.5979374654075413
        ],
        [
            74.98142641386374,
            40.734130560409746
        ],
        [
            89.64265814063347,
            81.47203116111864
        ],
        [
            75.08174468052792,
            75.19291979210644
        ],
        [
            95.71541254909755,
            66.5476717404038
        ],
        [
            3.572040098615281,
            31.1098192652581
        ],
        [
            11.343305857020203,
            2.989267253773198
        ],
        [
            44.71901338638842,
            7.458808644587711
        ],
        [
            78.53198763214878,
            16.818552380553054
        ]
    ],
    "distances": [
        [
            0.0,
            16.452296241840585,
            7.309826619004867,
            37.83229803156211,
            23.365217555008478,
            79.92796664263085,
            58.15048452847901,
            32.152538394871875,
            68.14036436015866,
            60.54632878217962,
            54.721661287728,
            75.40360446091782,
            64.45753704114586,
            22.12682578786582,
            24.177703874471355,
            65.60121429956274,
            58.47624258726132,
            52.6142129484296,
            76.31011756903513,
            68.59714342301194,
            35.084498430893895,
            0.0
        ],
        [
            16.452296241840585,
            0.0,
            22.60657234102768,
            49.11745926004378,
            38.40417030795282,
            94.0738926627831,
            73.93183960875169,
            37.634131795530536,
            74.29752606980375,
            76.20784214430482,
            71.15177483000647,
            87.79150101325003,
            80.72699737809843,
            6.4100901754695725,
            36.39774327859615,
            72.39074688780558,
            68.44224322246396,
            57.443820135624556,
            92.17369368402139,
            81.9844992515461,
            48.40599102232111,
            16.452296241840585
        ],
        [
            7.309826619004867,
            22.60657234102768,
            0.0,
            30.880217182846707,
            21.979336295681502,
            72.65381564501163,
            54.57977801343113,
            27.467807869754814,
            62.31933080535014,
            53.683209164608506,
            48.96317173852425,
            68.13990445748966,
            59.871754367962296,
            28.689605408654536,
            17.21358831213807,
            59.60613818088983,
            51.66270850845314,
            47.46726742028631,
            72.46811086652636,
            67.50189577414501,
            34.852270458577784,
            7.309826619004867
        ],
        [
            37.83229803156211,
            49.11745926004378,
            30.880217182846707,
            0.0,
            43.16433676054404,
            46.869457327325165,
            59.85662280065041,
            18.217697657899027,
            34.68273156477414,
            36.73503877174097,
            43.18862102365122,
            38.72585266969019,
            59.22114949111593,
            55.48881605343108,
            13.673640504029892,
            31.363782475950703,
            20.86554960677456,
            25.01360810034643,
            74.04425924429898,
            80.92499862168333,
            55.224691266620134,
            37.83229803156211
        ],
        [
            23.365217555008478,
            38.40417030795282,
            21.979336295681502,
            43.16433676054404,
            0.0,
            73.06332709417833,
            35.703973138727555,
            47.070118859652844,
            77.68888034663749,
            49.38194563254436,
            37.85470004938407,
            73.43235080306286,
            43.57488980745504,
            42.741220601943986,
            32.1050029583273,
            74.47028007344615,
            62.97003698743432,
            65.21306459080536,
            53.960226324151314,
            45.59731291575247,
            13.180625383024728,
            23.365217555008478
        ],
        [
            79.92796664263085,
            94.0738926627831,
            72.65381564501163,
            46.869457327325165,
            73.06332709417833,
            0.0,
            63.78362610808561,
            64.35588265855388,
            52.68350160068752,
            25.366123796328107,
            42.692475059565375,
            16.22489469253973,
            55.029830363175186,
            100.46556693750091,
            57.84973877596028,
            49.7685269081118,
            36.830335813449004,
            59.16577435676683,
            66.7610007695764,
            88.76558334438047,
            79.61273250392877,
            79.92796664263085
        ],
        [
            58.15048452847901,
            73.93183960875169,
            54.57977801343113,
            59.85662280065041,
            35.703973138727555,
            63.78362610808561,
            0.0,
            72.28320469912299,
            91.77839047283483,
            39.35250795392094,
            21.766831158903877,
            71.97054918842596,
            11.490107580363537,
            78.44069475683634,
            55.81968278743313,
            88.11574225062942,
            72.97017173143864,
            84.86782972512876,
            18.259355555317317,
            25.067283580109144,
            30.053320769495553,
            58.15048452847901
        ],
        [
            32.152538394871875,
            37.634131795530536,
            27.467807869754814,
            18.217697657899027,
            47.070118859652844,
            64.35588265855388,
            72.28320469912299,
            0.0,
            36.83400550564621,
            54.62124273037237,
            58.73419903358094,
            54.23607472653012,
            73.77033747306152,
            43.501837948330255,
            16.531751379984513,
            34.77917364754425,
            32.34804800790133,
            20.54638749094573,
            88.21546121754282,
            90.33541980249974,
            60.221220733199615,
            32.152538394871875
        ],
        [
            68.14036436015866,
            74.29752606980375,
            62.31933080535014,
            34.68273156477414,
            77.68888034663749,
            52.68350160068752,
            91.77839047283483,
            36.83400550564621,
            0.0,
            59.03668735246329,
            72.10690988795999,
            36.85650131897688,
            88.66969013029895,
            79.94043014160566,
            46.271345686837094,
            3.6839519839169577,
            19.50139377813909,
            17.171725113452233,
            103.40314248537575,
            114.46249175971946,
            89.90344774560201,
            68.14036436015866
        ],
        [
            60.54632878217962,
            76.20784214430482,
            53.683209164608506,
            36.73503877174097,
            49.38194563254436,
            25.366123796328107,
            39.35250795392094,
            54.62124273037237,
            59.03668735246329,
            0.0,
            17.694912640238442,
            32.83494521631035,
            32.21788985278025,
            82.36823976534497,
            42.61321018365074,
            55.425084363647876,
            39.587563866824574,
            58.04815741955563,
            45.945965037057206,
            64.40820266851208,
            54.65235509416127,
            60.54632878217962
        ],
        [
            54.721661287728,
            71.15177483000647,
            48.96317173852425,
            43.18862102365122,
            37.85470004938407,
            42.692475059565375,
            21.766831158903877,
            58.73419903358094,
            72.10690988795999,
            17.694912640238442,
            0.0,
            50.20393469858734,
            16.575408121581336,
            76.77408879522237,
            43.51484121297062,
            68.4231217591071,
            52.80750491110667,
            67.52513975247231,
            31.40368305529357,
            46.76868560035134,
            39.83528771000685,
            54.721661287728
        ],
        [
            75.40360446091782,
            87.79150101325003,
            68.13990445748966,
            38.72585266969019,
            73.43235080306286,
            16.22489469253973,
            71.97054918842596,
            54.23607472653012,
            36.85650131897688,
            32.83494521631035,
            50.20393469858734,
            0.0,
            64.9749080440345,
            94.1792867153913,
            51.63511964566064,
            34.16627940262924,
            23.242841942977417,
            45.30761960057801,
            78.19545151053012,
            96.92597060740295,
            82.22475510441184,
            75.40360446091782
        ],
        [
            64.45753704114586,
            80.72699737809843,
            59.871754367962296,
            59.22114949111593,
            43.57488980745504,
            55.029830363175186,
            11.490107580363537,
            73.77033747306152,
            88.66969013029895,
            32.21788985278025,
            16.575408121581336,
            64.9749080440345,
            0.0,
            85.72539057763669,
            57.82626530946027,
            84.98631183156931,
            69.33334189956224,
            83.84939674550718,
            14.88288385209897,
            34.42686756386105,
            40.24362634487535,
            64.45753704114586
        ],
        [
            22.12682578786582,
            6.4100901754695725,
            28.689605408654536,
            55.48881605343108,
            42.741220601943986,
            100.46556693750091,
            78.44069475683634,
            43.501837948330255,
            79.94043014160566,
            82.36823976534497,
            76.77408879522237,
            94.1792867153913,
            85.72539057763669,
            0.0,
            42.80782452714421,
            78.15600685842047,
            74.66587110524661,
            62.952220750364965,
            96.69916321146133,
            84.93379830816075,
            51.70027231637573,
            22.12682578786582
        ],
        [
            24.177703874471355,
            36.39774327859615,
            17.21358831213807,
            13.673640504029892,
            32.1050029583273,
            57.84973877596028,
            55.81968278743313,
            16.531751379984513,
            46.271345686837094,
            42.61321018365074,
            43.51484121297062,
            51.63511964566064,
            57.82626530946027,
            42.80782452714421,
            0.0,
            43.2958226749334,
            34.4589352573338,
            33.109471293080425,
            72.0550332858599,
            73.98976344092492,
            44.97844695903911,
            24.177703874471355
        ],
        [
            65.60121429956274,
            72.39074688780558,
            59.60613818088983,
            31.363782475950703,
            74.47028007344615,
            49.7685269081118,
            88.11574225062942,
            34.77917364754425,
            3.6839519839169577,
            55.425084363647876,
            68.4231217591071,
            34.16627940262924,
            84.98631183156931,
            78.15600685842047,
            43.2958226749334,
            0.0,
            15.85709432327188,
            16.112568082841406,
            99.72213233369283,
            110.86177338726591,
            86.57996861449611,
            65.60121429956274
        ],
        [
            58.47624258726132,
            68.44224322246396,
            51.66270850845314,
            20.86554960677456,
            62.97003698743432,
            36.830335813449004,
            72.97017173143864,
            32.34804800790133,
            19.50139377813909,
            39.587563866824574,
            52.80750491110667,
            23.242841942977417,
            69.33334189956224,
            74.66587110524661,
            34.4589352573338,
            15.85709432327188,
            0.0,
            22.371601721510938,
            84.00569981526631,
            96.31176472027907,
            74.22806251401514,
            58.47624258726132
        ],
        [
            52.6142129484296,
            57.443820135624556,
            47.46726742028631,
            25.01360810034643,
            65.21306459080536,
            59.16577435676683,
            84.86782972512876,
            20.54638749094573,
            17.171725113452233,
            58.04815741955563,
            67.52513975247231,
            45.30761960057801,
            83.84939674550718,
            62.952220750364965,
            33.109471293080425,
            16.112568082841406,
            22.371601721510938,
            0.0,
            98.7230594876318,
            105.63296440290516,
            78.05207536970723,
            52.6142129484296
        ],
        [
            76.31011756903513,
            92.17369368402139,
            72.46811086652636,
            74.04425924429898,
            53.960226324151314,
            66.7610007695764,
            18.259355555317317,
            88.21546121754282,
            103.40314248537575,
            45.945965037057206,
            31.40368305529357,
            78.19545151053012,
            14.88288385209897,
            96.69916321146133,
            72.0550332858599,
            99.72213233369283,
            84.00569981526631,
            98.7230594876318,
            0.0,
            29.1746125410156,
            47.459916920742494,
            76.31011756903513
        ],
        [
            68.59714342301194,
            81.9844992515461,
            67.50189577414501,
            80.92499862168333,
            45.59731291575247,
            88.76558334438047,
            25.067283580109144,
            90.33541980249974,
            114.46249175971946,
            64.40820266851208,
            46.76868560035134,
            96.92597060740295,
            34.42686756386105,
            84.93379830816075,
            73.98976344092492,
            110.86177338726591,
            96.31176472027907,
            105.63296440290516,
            29.1746125410156,
            0.0,
            33.67364924284462,
            68.59714342301194
        ],
        [
            35.084498430893895,
            48.40599102232111,
            34.852270458577784,
            55.224691266620134,
            13.180625383024728,
            79.61273250392877,
            30.053320769495553,
            60.221220733199615,
            89.90344774560201,
            54.65235509416127,
            39.83528771000685,
            82.22475510441184,
            40.24362634487535,
            51.70027231637573,
            44.97844695903911,
            86.57996861449611,
            74.22806251401514,
            78.05207536970723,
            47.459916920742494,
            33.67364924284462,
            0.0,
            35.084498430893895
        ],
        [
            0.0,
            16.452296241840585,
            7.309826619004867,
            37.83229803156211,
            23.365217555008478,
            79.92796664263085,
            58.15048452847901,
            32.152538394871875,
            68.14036436015866,
            60.54632878217962,
            54.721661287728,
            75.40360446091782,
            64.45753704114586,
            22.12682578786582,
            24.177703874471355,
            65.60121429956274,
            58.47624258726132,
            52.6142129484296,
            76.31011756903513,
            68.59714342301194,
            35.084498430893895,
            0.0
        ]
    ],
    "scores_ave": [
        0,
        14.191629674925391,
        15.555980007269145,
        16.016962428803343,
        13.757502083332646,
        14.086435954143862,
        18.91827452331931,
        18.302994009313558,
        12.219434570028204,
        10.01495270119094,
        19.996189484975364,
        14.872934030911726,
        10.256899153456864,
        13.85753948669377,
        13.548852703361133,
        14.904201455928108,
        11.12157512192886,
        12.111034432239958,
        10.432843648671948,
        18.15222040662161,
        14.467308795659275,
        0
    ],
    "scores_var": [
        0,
        377.7004877774467,
        377.75335727271636,
        21.092542830158415,
        329.87667757643237,
        356.9812912433925,
        18.98905026679153,
        328.91013073025135,
        24.617867563599454,
        233.97482601301402,
        250.18219398787005,
        347.4730413415878,
        20.49101966878368,
        395.9081292536443,
        18.89740020712272,
        338.43466977922463,
        18.993610268436488,
        19.847170466934386,
        255.64806026196953,
        353.80033298930124,
        328.09270438091966,
        0
    ],
    "vertex_number": 22,
    "minimum_distances": {
        "cost": 383.4454978309726,
        "path": [
            0,
            2,
            14,
            3,
            7,
            17,
            8,
            15,
            16,
            11,
            5,
            9,
            10,
            12,
            18,
            6,
            19,
            20,
            4,
            13,
            1,
            21
        ]
    }
}