{
    "vertices": [
        [
            99.86305865707783,
            40.964889455535314
        ],
        [
            84.09035713144475,
            19.050850588849123
        ],
        [
            31.32557826489566,
            14.565129391582321
        ],
        [
            44.26505039667741,
            14.240159023565136
        ],
        [
            8.146589753021882,
            69.50675068659807
        ],
        [
            73.97097274848153,
            63.56292474373826
        ],
        [
            63.52462111155409,
            20.96208496617642
        ],
        [
            73.51737885479753,
            22.6348406515234
        ],
        [
            61.09058119740127,
            78.82455993545528
        ],
        [
            75.54502927927078,
            63.03790892060245
        ],
        [
            64.04622449424058,
            3.953168296682108
        ],
        [
            71.11109653017793,
            17.411429118799017
        ],
        [
            76.6058598874789,
            92.28159763268422
        ],
        [
            18.950940056588983,
            63.56536662214464
        ],
        [
            30.7049240219441,
            3.350465955829529
        ],
        [
            95.95416544280127,
            93.64572521908948
        ],
        [
            99.86305865707783,
            40.964889455535314
        ]
    ],
    "distances": [
        [
            0.0,
            27.0000594974778,
            73.44612685460714,
            61.68751688295636,
            96.05492444826503,
            34.36671807992431,
            41.480046175112264,
            32.09494560521545,
            54.190955492676544,
            32.84181391344149,
            51.50449604247078,
            37.16773896783198,
            56.340942774746814,
            84.00924059041363,
            78.72542436485499,
            52.825655726239546,
            0.0
        ],
        [
            27.0000594974778,
            0.0,
            52.95510913495915,
            40.114807862616004,
            91.1770456765409,
            45.64785521643387,
            20.65435341241419,
            11.16390856321396,
            64.04596803912607,
            44.809417858104446,
            25.093968673229966,
            13.082389250899787,
            73.61222732395139,
            78.89667796891409,
            55.64626264102312,
            75.53241204112237,
            27.0000594974778
        ],
        [
            73.44612685460714,
            52.95510913495915,
            0.0,
            12.943552247711821,
            59.63092535722136,
            64.95701363234312,
            32.8283322888062,
            42.95658595415682,
            70.81828728086342,
            65.61227174303382,
            34.398465197529084,
            39.88720202990256,
            89.94527969655023,
            50.538647780068956,
            11.23182477011213,
            102.13028403488208,
            73.44612685460714
        ],
        [
            61.68751688295636,
            40.114807862616004,
            12.943552247711821,
            0.0,
            66.02226407293008,
            57.577574115783136,
            20.39890566915995,
            30.433031394465523,
            66.74011782933758,
            57.96255234122538,
            22.29612134190791,
            27.03270513690709,
            84.47718093486085,
            55.441683659076745,
            17.39144739256129,
            94.74707677328746,
            61.68751688295636
        ],
        [
            96.05492444826503,
            91.1770456765409,
            59.63092535722136,
            66.02226407293008,
            0.0,
            66.09219669198453,
            73.6431322463545,
            80.43827458445986,
            53.75767665422872,
            67.7081646802431,
            86.15127003331503,
            81.72179417354295,
            72.14821772407277,
            12.330208030829475,
            69.89658399640821,
            91.06514393551797,
            96.05492444826503
        ],
        [
            34.36671807992431,
            45.64785521643387,
            64.95701363234312,
            57.577574115783136,
            66.09219669198453,
            0.0,
            43.86294349762487,
            40.9305975387582,
            19.97052816613009,
            1.6593057514102878,
            60.43032096214127,
            46.24001990054508,
            28.839292687885635,
            55.020032746079806,
            74.14506838416644,
            37.25903441415766,
            34.36671807992431
        ],
        [
            41.480046175112264,
            20.65435341241419,
            32.8283322888062,
            20.39890566915995,
            73.6431322463545,
            43.86294349762487,
            0.0,
            10.131797416944949,
            57.91364744059997,
            43.759172455182025,
            17.016912656490643,
            8.376262067527444,
            72.50925247787985,
            61.65916517961878,
            37.246498375275046,
            79.59011814256347,
            41.480046175112264
        ],
        [
            32.09494560521545,
            11.16390856321396,
            42.95658595415682,
            30.433031394465523,
            80.43827458445986,
            40.9305975387582,
            10.131797416944949,
            0.0,
            57.547457400174814,
            40.45391565472653,
            20.945349051642427,
            5.751019271918222,
            69.71520259657936,
            68.21146677319246,
            46.955227570729896,
            74.47116971999176,
            32.09494560521545
        ],
        [
            54.190955492676544,
            64.04596803912607,
            70.81828728086342,
            66.74011782933758,
            53.75767665422872,
            19.97052816613009,
            57.91364744059997,
            57.547457400174814,
            0.0,
            21.404425234427933,
            74.92970781488944,
            62.22526307086333,
            20.538153189014288,
            44.817321830397496,
            81.36109035669195,
            37.88319478081154,
            54.190955492676544
        ],
        [
            32.84181391344149,
            44.809417858104446,
            65.61227174303382,
            57.96255234122538,
            67.7081646802431,
            1.6593057514102878,
            43.759172455182025,
            40.45391565472653,
            21.404425234427933,
            0.0,
            60.19326445774623,
            45.84141597647104,
            29.26292348806678,
            56.59654712587848,
            74.65404133174007,
            36.78819453987185,
            32.84181391344149
        ],
        [
            51.50449604247078,
            25.093968673229966,
            34.398465197529084,
            22.29612134190791,
            86.15127003331503,
            60.43032096214127,
            17.016912656490643,
            20.945349051642427,
            74.92970781488944,
            60.19326445774623,
            0.0,
            15.199907935257256,
            89.2169035002684,
            74.74756763739526,
            33.3467474770123,
            95.19911482180979,
            51.50449604247078
        ],
        [
            37.16773896783198,
            13.082389250899787,
            39.88720202990256,
            27.03270513690709,
            81.72179417354295,
            46.24001990054508,
            8.376262067527444,
            5.751019271918222,
            62.22526307086333,
            45.84141597647104,
            15.199907935257256,
            0.0,
            75.07152960777012,
            69.64817205362978,
            42.782817366736566,
            80.18008465263749,
            37.16773896783198
        ],
        [
            56.340942774746814,
            73.61222732395139,
            89.94527969655023,
            84.47718093486085,
            72.14821772407277,
            28.839292687885635,
            72.50925247787985,
            69.71520259657936,
            20.538153189014288,
            29.26292348806678,
            89.2169035002684,
            75.07152960777012,
            0.0,
            64.41049374253406,
            100.07817991279622,
            19.396333981814973,
            56.340942774746814
        ],
        [
            84.00924059041363,
            78.89667796891409,
            50.538647780068956,
            55.441683659076745,
            12.330208030829475,
            55.020032746079806,
            61.65916517961878,
            68.21146677319246,
            44.817321830397496,
            56.59654712587848,
            74.74756763739526,
            69.64817205362978,
            64.41049374253406,
            0.0,
            61.35136837359067,
            82.66997455667082,
            84.00924059041363
        ],
        [
            78.72542436485499,
            55.64626264102312,
            11.23182477011213,
            17.39144739256129,
            69.89658399640821,
            74.14506838416644,
            37.246498375275046,
            46.955227570729896,
            81.36109035669195,
            74.65404133174007,
            33.3467474770123,
            42.782817366736566,
            100.07817991279622,
            61.35136837359067,
            0.0,
            111.40330942757775,
            78.72542436485499
        ],
        [
            52.825655726239546,
            75.53241204112237,
            102.13028403488208,
            94.74707677328746,
            91.06514393551797,
            37.25903441415766,
            79.59011814256347,
            74.47116971999176,
            37.88319478081154,
            36.78819453987185,
            95.19911482180979,
            80.18008465263749,
            19.396333981814973,
            82.66997455667082,
            111.40330942757775,
            0.0,
            52.825655726239546
        ],
        [
            0.0,
            27.0000594974778,
            73.44612685460714,
            61.68751688295636,
            96.05492444826503,
            34.36671807992431,
            41.480046175112264,
            32.09494560521545,
            54.190955492676544,
            32.84181391344149,
            51.50449604247078,
            37.16773896783198,
            56.340942774746814,
            84.00924059041363,
            78.72542436485499,
            52.825655726239546,
            0.0
        ]
    ],
    "scores_ave": [
        0,
        15.482707182450877,
        10.357695540831912,
        10.57154219558922,
        11.28170685467818,
        19.855438210273665,
        17.43651787606012,
        13.791265243019813,
        16.853321755616832,
        15.960847896905825,
        19.87695000918231,
        12.460064782118954,
        18.942627170885842,
        18.168085109540844,
        12.017693851881006,
        19.535165310029832,
        0
    ],
    "scores_var": [
        0,
        17.266532733333847,
        24.126835392666223,
        243.91261785458562,
        299.2911554009328,
        357.63680790072556,
        21.58820899692892,
        16.42085621448324,
        267.44145876330236,
        327.6428361928298,
        19.776824499873495,
        20.861639630827494,
        260.15049671301585,
        255.68214316871735,
        21.95364781071798,
        240.44643992504996,
        0
    ],
    "vertex_number": 17,
    "minimum_distances": {
        "cost": 348.5487292761752,
        "path": [
            0,
            9,
            5,
            15,
            12,
            8,
            4,
            13,
            2,
            14,
            3,
            10,
            6,
            11,
            7,
            1,
            16
        ]
    }
}