{
    "vertices": [
        [
            20.715856785212715,
            43.92658036093526
        ],
        [
            30.913130731715587,
            31.115464250119174
        ],
        [
            5.8296906121660825,
            66.7445256171022
        ],
        [
            54.534931202881424,
            17.807671772632496
        ],
        [
            61.25470510589235,
            74.87810207530329
        ],
        [
            30.500174084016674,
            0.803126001970067
        ],
        [
            46.79819859624344,
            5.124133159969524
        ],
        [
            49.858574731274,
            64.11416764498519
        ],
        [
            14.572985591588338,
            91.75412914836426
        ],
        [
            82.68376091345088,
            57.15577379305385
        ],
        [
            31.851990367606287,
            44.74562833187691
        ],
        [
            67.31850720744164,
            8.271990741487834
        ],
        [
            67.88250415014532,
            27.415864298815407
        ],
        [
            48.69098353169585,
            58.88484410113966
        ],
        [
            73.84693204278588,
            20.82312907034313
        ],
        [
            39.59047701832512,
            21.789864979787176
        ],
        [
            37.36818138374919,
            74.45257555910375
        ],
        [
            88.63522506520641,
            54.227126287088176
        ],
        [
            47.275261604214656,
            76.82961086891245
        ],
        [
            94.56823271813838,
            68.23062277343233
        ],
        [
            87.44051494673921,
            23.64539751699064
        ],
        [
            44.765777334000404,
            41.144345638316494
        ],
        [
            86.92592269759533,
            77.92520277574371
        ],
        [
            20.715856785212715,
            43.92658036093526
        ]
    ],
    "distances": [
        [
            0.0,
            16.374037130312054,
            27.24438600968994,
            42.73086917337313,
            51.003871613849725,
            44.21951131405037,
            46.75380693730913,
            35.451892610054216,
            48.22042398730398,
            63.36428568926605,
            11.166212909649248,
            58.6775663035515,
            49.97295637174017,
            31.723136203775784,
            57.936867533226774,
            29.09098583427819,
            34.77263719325339,
            68.69601032032502,
            42.284883835107095,
            77.74869715002711,
            69.73884415676874,
            24.210318222913674,
            74.42902091406796,
            0.0
        ],
        [
            16.374037130312054,
            0.0,
            43.57303044456821,
            27.112484174701176,
            53.25203850484914,
            30.315151051299118,
            30.461199465852214,
            38.05054893273874,
            62.80165621894127,
            57.95080560704792,
            13.662460624336433,
            42.97878218701514,
            37.154025498604945,
            32.97257204841668,
            44.15023735464303,
            12.738254995428257,
            43.815213060393056,
            62.17707854471364,
            48.55411957572,
            73.68518847850328,
            57.01883077712394,
            17.101879422634333,
            72.99715394897434,
            16.374037130312054
        ],
        [
            27.24438600968994,
            43.57303044456821,
            0.0,
            69.0435813468164,
            56.01863348593189,
            70.40526214664213,
            73.99656352164243,
            44.10738509405554,
            26.493876195983592,
            77.44993404398751,
            34.075087180048065,
            84.85229461285871,
            73.46628661547912,
            43.575968426026925,
            82.06777560428893,
            56.22021177279977,
            32.466758909038376,
            83.74629437796449,
            42.65494460661294,
            88.75098500778158,
            92.29226127665514,
            46.5981551582938,
            81.86333978148933,
            27.24438600968994
        ],
        [
            42.73086917337313,
            27.112484174701176,
            69.0435813468164,
            0.0,
            57.464679379942524,
            29.441877090793195,
            14.856957399330723,
            46.54202262284872,
            84.05376645612535,
            48.38005525714212,
            35.21603766076376,
            15.948323679688091,
            16.446126206579113,
            41.490791880722526,
            19.546006220064157,
            15.465916513851074,
            59.189039731450805,
            49.89195033898179,
            59.466731012952,
            64.38275559371885,
            33.41940279823055,
            25.298946903520935,
            68.28831425595939,
            42.73086917337313
        ],
        [
            51.003871613849725,
            53.25203850484914,
            56.01863348593189,
            57.464679379942524,
            0.0,
            80.20563109059364,
            71.23627418601333,
            15.675907371998806,
            49.63852562861671,
            27.80800878429228,
            42.10089794623512,
            66.88156519504737,
            47.92276843967671,
            20.337930091877073,
            55.50229081576002,
            57.338466116036535,
            23.89031369288601,
            34.29512610048026,
            14.115000077510896,
            33.97028264587566,
            57.536828669821055,
            37.54798346671386,
            25.851426175729355,
            51.003871613849725
        ],
        [
            44.21951131405037,
            30.315151051299118,
            70.40526214664213,
            29.441877090793195,
            80.20563109059364,
            0.0,
            16.861100375142392,
            66.20449886180944,
            92.33504376242395,
            76.8033049253158,
            43.96329057609822,
            37.568252481113674,
            45.88765019947485,
            60.86371271712875,
            47.74664332069625,
            22.870872750302393,
            73.96898636819324,
            78.95446763198287,
            77.85518584226566,
            93.0117382807719,
            61.351216658913536,
            42.78926778800835,
            95.55982331766111,
            44.21951131405037
        ],
        [
            46.75380693730913,
            30.461199465852214,
            73.99656352164243,
            14.856957399330723,
            71.23627418601333,
            16.861100375142392,
            0.0,
            59.069366600897304,
            92.42954375168516,
            63.2065282213207,
            42.34680649200434,
            20.760348572515284,
            30.68337037968432,
            53.79402081748423,
            31.274469678254032,
            18.15758429513331,
            69.96683607337128,
            64.50922971022496,
            71.70706466298343,
            79.14799549793472,
            44.66357701434623,
            36.07750605533149,
            83.12779305836898,
            46.75380693730913
        ],
        [
            35.451892610054216,
            38.05054893273874,
            44.10738509405554,
            46.54202262284872,
            15.675907371998806,
            66.20449886180944,
            59.069366600897304,
            0.0,
            44.822318914163496,
            33.55461358581219,
            26.445744375405724,
            58.508101690226006,
            40.885541456411595,
            5.358086779397049,
            49.49298240534624,
            43.55204273898015,
            16.213963246985646,
            40.01727374438227,
            12.97520724664369,
            44.89876078609414,
            55.22792396995622,
            23.52762861717513,
            39.55670583655055,
            35.451892610054216
        ],
        [
            48.22042398730398,
            62.80165621894127,
            26.493876195983592,
            84.05376645612535,
            49.63852562861671,
            92.33504376242395,
            92.42954375168516,
            44.822318914163496,
            0.0,
            76.39452799931142,
            50.083561725014555,
            98.74896193638351,
            83.55427632859868,
            47.37539111138696,
            92.43704614475556,
            74.30257827247509,
            28.617559431317705,
            83.02705137241581,
            35.946906713647635,
            83.38222181621977,
            99.74204809787217,
            58.93178140981799,
            73.66265480204446,
            48.22042398730398
        ],
        [
            63.36428568926605,
            57.95080560704792,
            77.44993404398751,
            48.38005525714212,
            27.80800878429228,
            76.8033049253158,
            63.2065282213207,
            33.55461358581219,
            76.39452799931142,
            0.0,
            52.324760937752636,
            51.24173364438993,
            33.21956379151888,
            34.0367242585984,
            37.39185228142807,
            55.747453960285924,
            48.504444120582875,
            6.633016038261186,
            40.50705726931557,
            16.24478223967937,
            33.846300050323734,
            41.15992359426572,
            21.19823381486895,
            63.36428568926605
        ],
        [
            11.166212909649248,
            13.662460624336433,
            34.075087180048065,
            35.21603766076376,
            42.10089794623512,
            43.96329057609822,
            42.34680649200434,
            26.445744375405724,
            50.083561725014555,
            52.324760937752636,
            0.0,
            50.87435558142597,
            39.98147877299347,
            21.9879310838929,
            48.33074691353135,
            24.225012832205053,
            30.21474932690682,
            57.56938896842152,
            35.5985846779727,
            66.9691870824976,
            59.45842081090231,
            13.406533140687355,
            64.29636212542907,
            11.166212909649248
        ],
        [
            58.6775663035515,
            42.97878218701514,
            84.85229461285871,
            15.948323679688091,
            66.88156519504737,
            37.568252481113674,
            20.760348572515284,
            58.508101690226006,
            98.74896193638351,
            51.24173364438993,
            50.87435558142597,
            0.0,
            19.15217970180744,
            53.931860374884984,
            14.147487557188377,
            30.8476349513384,
            72.64221791594053,
            50.65843407806885,
            71.4274385082339,
            65.86034539501321,
            25.322654508274347,
            39.8649889151805,
            72.36035301802036,
            58.6775663035515
        ],
        [
            49.97295637174017,
            37.154025498604945,
            73.46628661547912,
            16.446126206579113,
            47.92276843967671,
            45.88765019947485,
            30.68337037968432,
            40.885541456411595,
            83.55427632859868,
            33.21956379151888,
            39.98147877299347,
            19.15217970180744,
            0.0,
            36.859342824411065,
            8.890363202887052,
            28.845981827030204,
            56.06760294568992,
            33.90456008831576,
            53.538554289788145,
            48.76446060960702,
            19.918137615563538,
            26.88594909206858,
            53.980043195150124,
            49.97295637174017
        ],
        [
            31.723136203775784,
            32.97257204841668,
            43.575968426026925,
            41.490791880722526,
            20.337930091877073,
            60.86371271712875,
            53.79402081748423,
            5.358086779397049,
            47.37539111138696,
            34.0367242585984,
            21.9879310838929,
            53.931860374884984,
            36.859342824411065,
            0.0,
            45.62363309270948,
            38.194982586898504,
            19.249937953895596,
            40.21488240592981,
            18.000525629150772,
            46.81949991089633,
            52.37694894171027,
            18.16954951020685,
            42.71353218217388,
            31.723136203775784
        ],
        [
            57.936867533226774,
            44.15023735464303,
            82.06777560428893,
            19.546006220064157,
            55.50229081576002,
            47.74664332069625,
            31.274469678254032,
            49.49298240534624,
            92.43704614475556,
            37.39185228142807,
            48.33074691353135,
            14.147487557188377,
            8.890363202887052,
            45.62363309270948,
            0.0,
            34.270093217870176,
            64.85997826344848,
            36.53109142324224,
            61.99015787485556,
            51.738213738848835,
            13.883468419368214,
            35.47767469830556,
            58.58077174300108,
            57.936867533226774
        ],
        [
            29.09098583427819,
            12.738254995428257,
            56.22021177279977,
            15.465916513851074,
            57.338466116036535,
            22.870872750302393,
            18.15758429513331,
            43.55204273898015,
            74.30257827247509,
            55.747453960285924,
            24.225012832205053,
            30.8476349513384,
            28.845981827030204,
            38.194982586898504,
            34.270093217870176,
            0.0,
            52.709578668855976,
            58.80104788267121,
            55.57364070916182,
            71.967337078958,
            47.886001406959096,
            20.034461682780854,
            73.42901720111259,
            29.09098583427819
        ],
        [
            34.77263719325339,
            43.815213060393056,
            32.466758909038376,
            59.189039731450805,
            23.89031369288601,
            73.96898636819324,
            69.96683607337128,
            16.213963246985646,
            28.617559431317705,
            48.504444120582875,
            30.21474932690682,
            72.64221791594053,
            56.06760294568992,
            19.249937953895596,
            64.85997826344848,
            52.709578668855976,
            0.0,
            55.11241753081893,
            10.188254774926639,
            57.53745362043651,
            71.33447924423587,
            34.11982717276277,
            49.67925989702183,
            34.77263719325339
        ],
        [
            68.69601032032502,
            62.17707854471364,
            83.74629437796449,
            49.89195033898179,
            34.29512610048026,
            78.95446763198287,
            64.50922971022496,
            40.01727374438227,
            83.02705137241581,
            6.633016038261186,
            57.56938896842152,
            50.65843407806885,
            33.90456008831576,
            40.21488240592981,
            36.53109142324224,
            58.80104788267121,
            55.11241753081893,
            0.0,
            47.132991489679256,
            15.208500703646047,
            30.605056229894092,
            45.77868055923948,
            23.759641071491153,
            68.69601032032502
        ],
        [
            42.284883835107095,
            48.55411957572,
            42.65494460661294,
            59.466731012952,
            14.115000077510896,
            77.85518584226566,
            71.70706466298343,
            12.97520724664369,
            35.946906713647635,
            40.50705726931557,
            35.5985846779727,
            71.4274385082339,
            53.538554289788145,
            18.000525629150772,
            61.99015787485556,
            55.57364070916182,
            10.188254774926639,
            47.132991489679256,
            0.0,
            48.0683649924629,
            66.64689134484757,
            35.773393267628855,
            39.66579441746309,
            42.284883835107095
        ],
        [
            77.74869715002711,
            73.68518847850328,
            88.75098500778158,
            64.38275559371885,
            33.97028264587566,
            93.0117382807719,
            79.14799549793472,
            44.89876078609414,
            83.38222181621977,
            16.24478223967937,
            66.9691870824976,
            65.86034539501321,
            48.76446060960702,
            46.81949991089633,
            51.738213738848835,
            71.967337078958,
            57.53745362043651,
            15.208500703646047,
            48.0683649924629,
            0.0,
            45.151375082010134,
            56.691718719133505,
            12.344625708028108,
            77.74869715002711
        ],
        [
            69.73884415676874,
            57.01883077712394,
            92.29226127665514,
            33.41940279823055,
            57.536828669821055,
            61.351216658913536,
            44.66357701434623,
            55.22792396995622,
            99.74204809787217,
            33.846300050323734,
            59.45842081090231,
            25.322654508274347,
            19.918137615563538,
            52.37694894171027,
            13.883468419368214,
            47.886001406959096,
            71.33447924423587,
            30.605056229894092,
            66.64689134484757,
            45.151375082010134,
            0.0,
            46.123165716036425,
            54.282244464567206,
            69.73884415676874
        ],
        [
            24.210318222913674,
            17.101879422634333,
            46.5981551582938,
            25.298946903520935,
            37.54798346671386,
            42.78926778800835,
            36.07750605533149,
            23.52762861717513,
            58.93178140981799,
            41.15992359426572,
            13.406533140687355,
            39.8649889151805,
            26.88594909206858,
            18.16954951020685,
            35.47767469830556,
            20.034461682780854,
            34.11982717276277,
            45.77868055923948,
            35.773393267628855,
            56.691718719133505,
            46.123165716036425,
            0.0,
            55.94916718632445,
            24.210318222913674
        ],
        [
            74.42902091406796,
            72.99715394897434,
            81.86333978148933,
            68.28831425595939,
            25.851426175729355,
            95.55982331766111,
            83.12779305836898,
            39.55670583655055,
            73.66265480204446,
            21.19823381486895,
            64.29636212542907,
            72.36035301802036,
            53.980043195150124,
            42.71353218217388,
            58.58077174300108,
            73.42901720111259,
            49.67925989702183,
            23.759641071491153,
            39.66579441746309,
            12.344625708028108,
            54.282244464567206,
            55.94916718632445,
            0.0,
            74.42902091406796
        ],
        [
            0.0,
            16.374037130312054,
            27.24438600968994,
            42.73086917337313,
            51.003871613849725,
            44.21951131405037,
            46.75380693730913,
            35.451892610054216,
            48.22042398730398,
            63.36428568926605,
            11.166212909649248,
            58.6775663035515,
            49.97295637174017,
            31.723136203775784,
            57.936867533226774,
            29.09098583427819,
            34.77263719325339,
            68.69601032032502,
            42.284883835107095,
            77.74869715002711,
            69.73884415676874,
            24.210318222913674,
            74.42902091406796,
            0.0
        ]
    ],
    "scores_ave": [
        0,
        12.584387589308983,
        11.586993431632774,
        16.63534649049844,
        15.066788923401116,
        14.69363945203468,
        17.675771702716133,
        13.25795986497738,
        17.69467548835126,
        16.303467279793743,
        17.427306146889485,
        11.79666463875275,
        18.561307015157908,
        14.100506847928887,
        15.189390886458657,
        15.412746184453853,
        14.618385824600935,
        16.130524853297594,
        15.790321571983569,
        10.891800730201396,
        11.972698805984379,
        10.994755877148965,
        13.292570939689417,
        0
    ],
    "scores_var": [
        0,
        372.73173004716807,
        347.76841054452694,
        320.9152444647409,
        285.0701540737148,
        348.24604838082655,
        22.54532346989339,
        18.70383960411773,
        344.8171637727892,
        367.1149724941047,
        20.572833132649983,
        22.999597816594488,
        392.5888002129075,
        281.44862370104084,
        257.7748247766485,
        18.74589796883938,
        21.74631718724017,
        257.44149627876845,
        360.0471935639831,
        349.840519361374,
        316.97323838047015,
        18.524600031820185,
        20.28247323373412,
        0
    ],
    "vertex_number": 24,
    "minimum_distances": {
        "cost": 389.7703529183533,
        "path": [
            0,
            2,
            8,
            16,
            18,
            7,
            13,
            4,
            22,
            19,
            9,
            17,
            20,
            14,
            12,
            11,
            3,
            6,
            5,
            15,
            1,
            21,
            10,
            23
        ]
    }
}